5 100
15 5 5
0
1
0
24579
1034
0
21520
16384
176
464
21616
20488
19456
1024
0
301413356 5
655243746 6
597006 9
511081305 6
950090227 7
50 7 10
1536 0
131072 0
4352 0
397312 0
1050112 0
655360 0
524928 0
524288 0
50331648 0
0 0
16777216 0
33554432 0
0 0
100663296 0
44040192 0
0 0
0 16
0 528
0 544
0 384
0 64
0 144
0 0
0 0
0 0
0 0
0 0
0 0
0 17408
0 71680
131072 16384
0 71680
4718592 8192
0 0
806354944 5
4718592 0
270270464 4
268435456 200
19398656 33
1048576 12
3670016 64
288 32
0 0
16777408 48
26214912 0
528 0
112 0
0 0
0 0
0 0
744346713 11
392713200 9
334487160 9
103475801 9
230381741 10
465816079 10
556303518 9
8637189 10
241519321 8
29733963 9
100 10 100
0 8421376 0 0
0 570691584 10 0
0 8945664 0 0
134217728 34607106 2 21
0 9043968 0 0
8388608 538247170 33554440 19
5243200 279577216 81 0
41943040 235163650 683 30
18157888 532480 80 0
176160768 978604032 134217891 331
17056768 10880 10896 0
672415744 272629762 570425475 89
16848192 268436004 10945 4
86032 0 33554473 8
289407296 10772 268444165 5
582287364 272629760 9 0
67108864 69633 33280 5
638861648 5 0 0
268435456 86020 67191936 17
335610132 1048577 0 0
872416320 69663 67214336 20
595592468 84934660 0 0
21760 1064968 545792 0
1031798784 17039360 705712128 0
5376 943804584 896043 0
0 72351749 436289536 22
536887616 279445640 136121387 2
1826816 5505024 436486144 1
536871936 398458920 538683432 2
4909056 0 276889600 7
0 6946816 34672651 0
4923392 0 34689024 70
0 108595712 680869889 2
38225920 552 0 20
0 12664960 142622720 2
2768896 648 267264 0
532560 5253316 0 324
33685642 438306944 268698693 5
528384 1122532 0 21
44696232 134218400 671434437 82
563536 5309173 0 64
9977866 447217824 268703748 25
663824 17 1376256 0
5521576 271056896 973086304 14
167184 20 22085632 341
12255744 136314880 33557193 89
0 5376 4199680 0
12992576 279552 134218509 0
0 86016 22106368 0
2114900 66560 272 0
693174272 87050 20979496 0
42074132 327680 273 0
542441556 5120 67584 0
37377028 344064 257 0
704130964 578880810 23976 0
1040 66560 320 0
673482692 142606368 544 0
1069056 16384 0 0
144844676 673185792 640 0
1531904 1380352 0 0
279453888 142671876 0 0
1286144 1134592 268435456 5
346202112 694222848 88080384 0
10240 1052672 268435456 80
0 5505041 272629760 0
578856960 34947072 0 1
268435456 55836676 352321536 1
679643648 8388608 268435466 68
335544320 671154193 67108866 1
167772160 142606336 7646360 20
0 135528448 83886088 1
0 478150658 342766882 21
0 704974848 2 0
164888576 998244354 73870910 17
268435456 33832961 2 0
5505024 268435456 72653425 4
268435456 1052757 86440 0
22282240 352604160 269882692 21
276987904 1130564 66560 0
4194304 21504 4 0
0 68 67116584 128
536870912 331816 0 0
10518528 20 353373088 674
671091328 16386 545259520 0
8945664 0 21042336 2
671096832 5154 545259520 0
92782592 0 286261248 42
512 86026 33554432 2
352388096 4 353413120 546
536914048 278538 578824704 2
268718080 1 512 0
33408 1407488 537037346 2
84153344 4 10368 0
0 1319424 166402 0
268702720 4 41472 0
0 454656 131754 0
0 0 40960 0
0 163840 33450 0
0 0 0 0
0 133120 0 0
327412801 13
398666493 14
702168335 12
89006456 15
128751516 13
211502764 12
326926601 15
25509401 12
495197625 13
196366285 13
552342900 12
44198302 14
232833051 14
106360620 12
300320889 12
4262552 12
586965 13
179908561 13
114345049 14
79520048 13
40863636 14
17668096 12
124391640 12
171856476 13
322184725 14
256548706 12
54059200 12
89413270 14
193011347 12
183334763 15
52587316 12
683643168 13
333818451 13
32472903 12
26689729 14
71631201 12
21648417 13
1523793 15
163664964 12
319087824 12
312885829 12
222884245 12
571706092 13
187250900 13
9730681 15
849836970 12
941248426 14
472234183 12
164828301 13
100392219 12
239794250 12
56481490 13
563503291 13
75818348 13
25045609 12
563971009 13
104962501 12
195427618 12
224286833 12
97519371 13
16098032 12
640026301 14
184003033 13
155897010 13
535317700 12
18822419 12
986537448 13
66623594 13
599525121 12
347231172 12
161209884 12
94590584 12
135651361 12
786990709 13
81786488 12
122210952 12
735987118 13
562990669 14
499295017 12
421119713 13
197934401 14
399310081 13
344358231 12
345647924 12
537017558 13
595230688 14
517811777 12
4347670 14
682012423 13
3020493 12
87849604 12
150847852 12
727087680 12
28367509 15
117958166 12
283534913 12
512096817 12
101396770 12
404587072 12
93026746 14
200 10 200
0 0 65792 44564480 0 41943040 0
0 0 0 34944 0 0 0
0 0 87040 34078720 0 42631168 2
0 0 671088640 8738 87040 0 0
0 0 86272 10616832 0 705210368 0
0 536870912 134218142 35496 278528 0 0
4096 0 4096 10616832 0 168435712 2
0 536870912 220 35336 87040 0 0
21568 0 5376 8519680 0 176818176 2
0 5376 536871235 32898 65536 0 0
20544 69632 0 0 536870912 133120 0
0 536875008 671088894 34 282624 0 0
67114304 81924 0 0 671088640 10 0
0 5456 177 0 0 0 0
67650560 1331205 0 0 536870912 8 0
0 1344 0 0 0 0 0
268961792 327685 0 0 704643072 279 0
536870912 282 0 0 2105344 0 0
67766272 1380357 0 0 570425344 322 0
696320 8 0 0 2662400 0 0
67799040 5 0 0 0 261 0
671227904 10 0 0 2785280 0 0
174080 0 0 0 0 324 43520
84836352 42 0 0 2228224 0 0
0 0 0 0 0 276 10880
610312192 34 0 0 172192 0 0
0 0 0 0 0 0 2560
88645632 0 0 0 8192 0 0
4368 0 43520 0 0 0 33408
89391104 0 0 0 10912 0 0
5392 0 10752 268435456 11010069 0 10240
16777216 0 0 43008 10880 0 0
4368 536870912 8192 0 34078741 21233664 0
0 0 168296448 43136 2176 0 0
80 538968064 43008 268435456 44040197 1048576 0
0 0 2097156 8832 0 0 0
5136 681574400 1063040 0 44171284 17891328 682
1064960 268436106 176182289 33280 0 0 0
0 178257920 1052672 268435456 41943104 22350336 522
1114112 67109384 178803797 8704 0 0 0
0 704643072 1064960 0 0 21374976 0
1327104 335544992 8917328 0 559104 0 0
0 0 1314816 42 0 8704 648
5259264 335545372 4176 0 537536512 34 0
0 0 538267648 40 671088640 174114 42
5586944 71304158 5120 2105344 537004032 10 0
0 0 0 2 536870912 43018 0
0 72000576 141312 163840 538789888 136 0
0 268435728 536870929 130 671109184 2 0
20736 339748112 32769 565248 538089472 136 0
0 67109125 609222677 42 671106112 0 0
64 71314688 165889 2269184 537939968 690184 0
0 67109136 72613909 0 671089920 8 0
17728 88614912 165889 2138112 1380352 139264 0
0 350 18087940 0 16704 0 0
4416 174080 166400 0 1310720 163840 16384
0 846 21244433 0 17472 41943040 0
20736 0 4548736 0 0 557056 17664
0 10 20980256 0 0 547356672 0
0 0 4259968 35651714 44040192 174080 69632
0 42 2080 0 0 578813952 0
0 0 542384800 176160810 671088640 0 17664
0 674 2656384 0 0 142606336 0
0 341 354464 8912896 8388608 0 87296
0 0 8915616 0 0 715128832 0
0 337 541343904 144703656 176160768 0 0
0 17472 524288 0 0 657408 0
0 16 536870912 170393762 715128832 0 0
0 16448 11173888 0 0 663552 0
0 20 21760 0 0 0 0
0 20480 547880960 40 0 34816 0
0 320 5440 0 0 0 0
0 16704 536870912 138 0 690176 0
2728 0 20736 0 0 536870912 5162
289406976 17728 536870912 0 0 557056 0
2592 0 16704 0 0 0 16648
67108864 1 0 42 0 536870912 42
2696 557056 64 536870912 0 536870912 4328
352321536 0 536870912 345098 344064 0 8
520 8552448 0 211025920 82178 0 17858
335544320 1 0 21504 344064 18087936 168
372 2785280 0 131072000 66562 713555968 5482
352321536 0 0 348160 1235456 22282240 170
20 296255488 5 672399360 679499010 8388608 0
0 0 0 82944 227840 71565312 138
68 524288 1 781451264 178278656 35651584 0
0 0 0 1024 1321472 4277504 0
20 352321536 21509 1310720 679482368 178782208 0
0 0 536870912 2 32768 88085504 0
1348 67110144 86020 0 679477248 192937984 42
0 0 267264 130 119296 81920 0
0 268436500 83204 0 10485760 536936448 0
86016 0 279552 136 1327104 17664 0
0 1364 81920 0 0 693370880 34
267264 0 536956928 42 65536 21841 0
0 1024 16640 0 0 139788288 32
262144 0 145342976 170 331776 16843024 650
0 1348 0 0 0 18153472 42
87040 335544320 142919297 0 1380352 9142356 1160
0 0 0 0 0 0 0
344064 268435456 136325653 268435594 64 14647636 5496
0 0 164352 0 0 0 0
0 268435456 143164052 42 21 13991953 1546
0 0 34816 42012672 0 0 0
0 67108864 178291329 34209954 65 5210112 1928
0 0 41472 37699584 11042816 0 0
0 335544320 0 304611370 20 2228872 5456
0 0 172032 10043392 655360 0 0
0 0 0 311033890 81 672 0
0 0 43008 36782080 8552448 0 0
536870912 2785440 0 34078720 0 2088 0
0 0 0 43712512 9076736 0 0
0 131242 0 41943040 0 176685704 0
0 0 0 0 172160 0 0
536870912 663690 0 688128 0 36176040 0
0 0 0 0 34944 0 0
0 565384 0 2752512 2260992 2621440 0
0 0 4538368 0 41600 0 0
0 2654210 0 2138112 2105344 44564480 0
0 2793472 4456448 0 10752 0 0
0 0 1134592 40960 172032 134217728 0
0 557056 5308458 68 34816 0 0
0 0 1052672 696320 663552 688128 0
0 539626144 268517416 68 168296448 0 0
0 0 177553408 0 663552 9076736 0
0 2140328 4522152 64 41943040 0 0
0 0 179568640 816 0 8491008 0
0 558399656 1114242 85 178782208 0 0
704643072 10 169410560 3312 0 12173312 0
1344 5570560 268714120 278597 136314880 5242880 0
134217728 8 33554432 4016 2228224 2199552 0
1360 1378824 4472832 86016 244318208 285340672 2080
33554432 10 36175872 6352 44040192 1118208 0
1284 5570560 344064 1069056 289406976 273932032 8736
33554432 10888 21760 2928 10616832 1134592 0
34176 1048576 5324800 1392640 339738624 352410112 2592
570512640 33410 87040 0 36175872 0 0
35216 0 0 81920 68157440 357703168 8864
82944 67149824 17408 0 43581440 0 0
356557440 0 522 0 804257792 172544 10752
21504 17082880 17408 0 5505024 0 680
352331776 0 552 0 570425344 0 0
17408 22052992 82944 0 590348288 0 162
289441920 0 8520226 0 136314880 0 0
16384 68419584 0 0 65339392 0 8
17825792 69 11010218 0 762314752 0 0
0 89391104 0 0 20185088 0 170
352321536 65 8519808 0 435159040 0 0
268607488 5 0 0 715215872 0 484
268435456 84 2752512 0 339738624 0 0
16951808 4 0 0 167838720 0 1284
0 85 10649600 0 339738624 0 0
268476416 5 0 0 109137920 2 320
0 65 0 0 4194304 0 0
16949760 5 0 0 805376000 19 1104
0 0 0 0 0 0 0
83886080 1 134217728 2 679498752 20 1348
0 0 0 67108864 0 134217728 8
0 0 671088640 0 478150656 23 2088
0 0 0 83886080 0 671088640 2
0 0 536870912 32 645922816 713031699 650
0 0 893386752 352321576 2561 134217728 0
0 0 134217728 42 0 671088640 674
0 42074112 810549248 352321664 17277445 713195520 10
66560 0 536870912 42 0 0 2178
0 9043968 339738624 67108898 21203461 42467328 10
87296 0 0 674 0 713031680 2592
0 33685504 542113792 170 16984064 10649600 0
87040 0 0 138 0 0 2
0 2752512 554696704 128 360448 557056 0
81920 0 0 680 0 0 0
1396973 9131008 0 0 5570560 2752512 0
4096 0 0 0 178782208 54400 0
1053389 17408 0 0 1296 0 0
0 0 0 642 0 152637568 0
1133329 344064 0 0 4416 0 0
0 5392 536870912 0 2097152 219500416 0
1116985 344064 0 81 1280 0 0
0 5120 671088640 42 136839168 132157056 0
327920 86016 268435624 5 4416 0 0
0 418 536870912 8 178782208 83721856 0
0 0 671088674 349272 1296 0 0
0 5954 536870912 335544362 5324801 195559424 17
272629760 1 301990058 69652 0 0 0
0 5016 536870912 335544330 4538369 268435456 5
289406976 1 973078666 5193 0 0 0
21824 168 0 67108864 84513 268435456 17
4194304 0 134217866 1026 0 0 0
21568 650 0 352321860 92804 268435456 69
272629760 1 167772160 345098 0 0 2688
22021184 0 0 268436800 1073825 42467328 80
71303168 1 4521984 0 0 0 8736
84951040 0 0 340 2176 42074112 0
0 0 5259264 0 0 0 672
85213440 0 0 20 2048 44695552 0
0 0 262144 0 0 0 8864
17825792 0 0 320 0 35651584 0
0 0 5259264 0 0 0 32
5242880 0 0 0 0 2097152 0
0 0 5324800 0 0 0 0
162993181 14
218580501 14
700911115 14
375220440 15
207950536 14
595125715 14
37993033 15
68817042 14
211482001 14
86386872 14
207376835 14
203647389 14
80752256 14
204688000 15
29554421 15
252974917 15
61009509 14
668309568 14
584336575 15
68570826 14
269499925 14
301110373 14
863245207 15
161388789 15
375917496 15
14791541 14
831233719 14
407517743 14
277296876 15
286377906 15
8979366 14
630616976 14
849196756 14
79615621 14
399837913 14
99164593 14
15426229 15
329395495 15
651904 14
265661911 14
436501152 14
3061520 15
561839400 15
50461763 15
403617775 14
332782117 15
265235545 14
279604425 14
2033648 14
118033336 15
227727009 14
835411710 15
16013301 14
16378957 14
74656769 14
597908186 14
180266573 14
356686762 15
38599174 15
41456690 14
2753596 14
155626801 14
111018163 15
113508018 14
887223215 14
354304950 14
215124197 14
33469506 14
59931061 14
64822329 15
124082011 15
85129064 15
106346664 14
675645153 14
669990817 14
346998368 15
508891131 14
327094752 14
294808865 14
188009940 14
778723359 14
145578461 14
3578461 15
78263526 14
29729133 14
63618294 15
550768 14
285303885 14
235317329 14
10539606 14
220701456 14
81396987 14
363118816 14
600770004 14
272377494 14
149321085 14
26312613 14
226713628 14
155354431 14
37002999 15
480350471 15
875013075 14
208672201 14
705533286 14
561002281 15
230723241 14
108191748 15
271345650 14
129129001 14
347924697 14
255670657 15
157145181 14
119641936 14
10525165 14
691163302 15
832997712 14
295327184 14
269827085 14
52726851 14
71197404 14
2533588 14
42808956 15
275156560 14
317169351 14
374974139 14
250756020 14
105138496 15
683455752 14
32363440 14
174532267 14
23566813 14
184472803 14
423977451 14
260550439 14
378615749 14
78590401 15
506260748 14
133797003 14
83493257 14
75431812 14
878405492 14
704064851 14
109079014 14
191701610 14
221797005 14
198557665 15
283198410 14
51124326 14
68029401 14
31790903 15
160729726 14
9016920 14
355017178 15
56355586 14
4089366 14
377494187 14
761900711 15
36812098 14
10580913 14
8078608 14
65947864 14
493677649 14
164702121 15
56221200 14
107734943 14
691832 15
621556240 14
101339509 14
64727629 14
212892140 14
197249520 14
582859560 15
608067676 14
135899664 14
372980489 14
450256852 14
67862746 14
37327239 15
597924013 14
246832056 14
148812792 14
390926979 14
680792343 14
59788458 14
116438917 14
381958391 14
112723780 14
131766658 14
453101709 14
49615020 14
516743832 14
24447752 14
102454908 15
389418355 14
343594545 15
355546264 14
661154518 14
312318876 15
314314704 15
771780001 14
300 11 230
0 0 0 0 0 0 0 0 0 0
0 0 0 0 0 0 0 0 0 0
0 0 0 0 0 0 0 0 0 0
0 0 0 0 0 0 65536 434176 0 0
0 0 0 0 0 0 512 655360 536870912 40
0 0 0 0 0 0 34816 0 0 0
0 0 0 0 33554432 5 65792 525824 134217728 0
0 0 0 0 33554432 0 256 0 0 0
0 0 0 40370176 0 42467332 262144 32768 0 8
0 0 0 0 603979776 8388608 16897 65536 0 18
17039360 0 0 8388608 67108864 0 262144 131072 0 2
134479872 0 0 8454144 0 268959744 12288 147456 0 0
67108864 0 0 0 0 538968064 16896 0 0 2
524288 0 0 545521664 1 33554464 0 0 0 0
0 0 0 0 603979776 100925456 8 0 0 17301512
33554432 0 0 32768 1 32768 0 0 0 16793600
0 0 0 268500992 0 67109378 0 0 0 8388608
17825792 0 0 268468224 570490880 72360450 8 0 0 3162112
0 0 0 34865152 168050688 33554689 1 0 0 65536
67108864 516 0 201326592 536870912 3072 0 0 0 0
0 289 0 0 66048 0 0 0 0 524288
0 136 0 0 671089152 41216 0 0 0 4456448
0 0 0 201326592 20480 2 0 0 0 5242880
0 0 0 0 67125504 335544832 0 0 0 0
0 0 0 0 4096 2114560 0 0 0 16384
0 0 0 0 33554944 8650752 0 0 0 0
0 8 0 0 134283520 37748756 0 0 96 8320
0 2 0 0 67108864 67108864 0 268435456 0 1024
0 128 0 0 536870912 0 0 0 0 1152
0 133 0 0 134217728 16777216 0 262144 0 0
0 0 6 8 268435456 0 0 536870912 256 98432
0 0 8 0 0 37748752 0 536870912 0 0
0 0 134217736 8 570425344 0 0 4096 1 65600
0 134217728 4 2 100663296 268697604 4640 131072 8 332160
0 536870912 0 0 0 0 576 536936448 104 4096
0 268435456 0 0 0 0 9216 0 0 9344
0 0 268435456 1 0 0 6144 131072 128 2097152
0 2097152 285212672 0 0 0 8 512 0 2097152
0 0 5 0 0 0 0 36864 0 1081344
0 2097152 18 8 0 0 0 663552 0 2260996
0 524288 352321536 0 0 0 512 8192 67108864 4097
0 16793600 67108864 0 0 0 2048 0 0 3162120
0 8388608 67108864 0 0 0 0 262144 536870912 33947652
0 6356992 16777216 0 0 0 2048 81920 67108864 786432
0 2097152 0 0 0 0 0 1024 570425344 2228256
131072 2097152 16777216 0 0 4128 0 268452864 10 65568
66560 32768 201216 136 0 0 0 0 0 1048576
0 0 17006592 0 0 8320 0 131072 603979908 33554432
0 0 8572928 64 0 0 0 536871936 0 0
0 0 335806976 32 0 512 0 655360 0 34603008
65536 0 83886080 512 0 2112 0 0 16 0
0 0 0 25 0 0 0 32768 8 0
147456 0 537006080 1048576 0 8192 0 0 128 0
135168 0 67108864 8194 0 33024 0 134218784 0 0
65536 0 402685952 32768 0 256 0 71680 0 0
540672 67239936 0 69632 0 0 0 402800640 40 0
0 4259840 256 100745232 256 0 0 589888 0 0
0 0 83886080 13635584 24576 0 0 65568 0 0
0 131072 67108864 2630144 80 0 0 1024 0 0
0 0 0 441794560 128 0 0 4227136 0 0
0 8388608 0 70356992 2105344 0 0 278528 0 0
0 71368704 0 268452864 8654848 0 0 828448 0 0
0 2228480 4480 9699328 128 0 0 1179648 0 0
0 0 0 8192 37748800 0 0 0 0 0
0 525376 0 67108864 0 0 0 0 0 0
0 16777488 1024 67108864 17432576 0 0 0 0 0
0 32 8 0 655360 0 0 0 0 0
0 272 0 0 0 0 0 0 0 0
0 5248 2176 0 0 0 0 0 0 0
0 4 4096 0 0 0 0 0 0 0
0 0 528 0 0 0 268435456 0 0 0
0 4096 33554432 0 0 0 0 1 0 2560
0 0 0 0 0 0 0 0 0 16384
0 0 0 8388608 2 0 134217728 0 0 4352
0 0 680525824 8388608 1 0 33554432 0 0 0
0 0 0 268435456 0 8 0 0 0 64
0 0 813694976 0 0 2 0 0 0 82304
0 0 0 16777216 2621440 8 117440512 0 0 0
0 0 268435456 0 276824064 0 100663296 1 0 2560
0 0 134217728 4194304 16990212 64 536870912 0 18874368 4096
0 0 0 134217728 570966017 8 0 0 4194304 0
0 0 16777216 268435457 66564 0 0 0 268435456 0
0 0 0 0 570688512 0 0 0 209715200 0
0 0 0 553648128 134742016 9 0 0 201326592 0
0 0 0 0 131072 0 0 0 268435456 0
0 0 0 0 0 0 0 0 0 0
0 0 0 0 327680 0 0 0 0 1312
0 49 0 0 917504 0 0 0 0 12591360
0 67110208 0 0 0 0 0 0 0 840
0 73 0 0 0 8280 0 0 0 0
0 83886208 0 0 65536 4096 0 0 0 7340032
0 4194304 0 0 69120 16 0 0 0 1056768
0 0 131072 0 1280 4096 0 0 0 25165856
1024 0 512 0 128 48 4 0 0 33554496
33536 1114240 17408 2048 16384 134219776 0 0 0 33554432
264192 17301632 2048 35840 0 3344 2 0 0 71835648
8192 3 139264 16512 16512 0 0 0 0 0
4864 1049088 0 65536 0 8 1 0 0 524288
4096 2097152 65536 0 2048 0 64 0 0 0
0 0 262144 0 549470720 0 36 0 0 0
0 0 0 4608 16779264 128 208 0 0 0
294912 16384 512 0 134217728 0 8193 0 0 0
0 131072 528384 66816 4 0 67178530 32 0 0
16384 401408 0 16896 67108880 17 16448 0 0 0
0 32768 0 4096 64 309 134221824 32 0 0
0 1058816 0 0 67108896 800 805306624 0 0 0
0 0 0 805310464 4 0 262404 0 0 0
0 524288 0 536871936 50331648 2 2437120 32 0 135168
0 0 0 256 0 258 2101376 2 0 32768
1605632 0 131072 512 536871185 0 64 8 0 196608
131072 0 262144 268437504 0 64 536873264 0 0 2056
4096 0 0 34816 4 0 1024 4 0 540672
0 0 32768 0 0 0 2304 268435457 134217862 0
1179648 0 0 0 0 0 4416 0 0 16385
0 0 3072 0 0 0 524288 0 33554440 524289
196608 536870912 0 0 0 0 4194304 536870912 64 1048577
67108864 75497476 50331652 4 0 0 32768 0 4 131072
33818624 33554465 268436480 0 0 0 151552000 0 285212672 32785
0 578813952 851968 2 0 0 268435456 4 67108992 0
67108864 134217730 403833344 0 0 0 33554432 0 134217736 2
301989888 0 34078743 0 0 71303168 12582912 0 12 0
268435456 402653216 572784644 4 0 524288 8388608 0 0 0
0 671088640 0 0 0 67108864 0 0 0 0
0 536870912 8912929 0 0 37749760 134217728 0 0 0
0 0 20 3424256 0 524432 0 0 0 0
100663296 0 60293120 0 0 150 268435456 0 0 0
0 48 0 16 0 2048 402653184 0 0 0
0 0 0 262144 1048 131072 0 0 0 0
0 0 0 10240 0 0 0 3160192 0 0
0 0 131076 0 0 33685512 0 4100 0 7
805306368 67108868 4 0 0 134217764 0 32768 0 0
0 0 4 65536 66 32 0 131168 402653184 0
268435456 2 0 0 32 64 32768 1064960 33554432 2
0 12 64 65536 256 16 0 4288640 0 0
134217728 0 17 16384 67109888 4 1048576 398336 16384 0
67109024 0 0 0 1280 16 65536 3072 268435456 0
0 64 1 0 0 0 2097152 82178 0 0
2048 64 0 0 4 4 9699328 2099202 0 8
805306368 0 0 0 0 0 33 0 67110912 0
0 268435464 52 0 67108864 0 34 0 0 1
4 64 0 0 0 524360 42139648 540672 17504 0
12 0 0 0 16 537133056 8388612 0 768 0
8 0 0 134217728 67108864 536936448 8388632 1024 8192 0
2048 0 0 0 16 264196 0 32768 8704 0
4448 0 0 33554432 0 16416 4 0 0 0
2136 1179648 0 33554432 3 2105344 0 8388608 0 0
0 4194304 0 134217728 0 131072 0 37748736 0 0
4 0 0 524288 8192 792576 8 50331648 0 0
96 294912 402653184 536870912 2097152 1064960 200 32768 0 0
512 0 2048 17825792 1 264192 0 33554432 0 64
268436616 0 8519688 536870912 4718592 1114112 0 0 0 0
64 167772168 1 2162688 4194368 0 0 33554432 0 2048
134217748 140771392 2490368 4358144 128 0 0 16908288 0 0
67108880 70254592 17842184 14876672 2048 542720 49152 0 0 4112
0 65536 268439552 0 17456 2107392 2048 65536 0 1024
402653184 18 65536 0 8933376 65536 131072 0 0 2224
16384 33554434 8458756 6291456 32 0 16512 65536 0 160
640 0 537952260 0 270340 4112 16384 0 0 0
37120 0 1179904 0 537403456 0 32768 5120 0 256
201360160 8 0 0 0 1 65536 32896 0 16
16384 48 0 0 0 10372 0 528 0 0
131072 0 0 0 131072 2072 0 2049 0 0
201326592 0 0 0 536872960 80 132608 65560 0 0
512 8 0 0 1675264 22528 0 16384 0 0
0 0 0 0 262144 67109184 0 0 0 0
133120 0 0 0 536870912 201326852 0 4 0 0
67108864 2 2097152 0 0 805831232 536870978 0 0 0
33554688 0 0 0 134225920 64 48 20 16 0
294912 0 1183744 0 0 18087936 4 0 320 0
0 8 524288 0 0 268435456 226 17 0 0
268632064 0 4096 0 0 270532608 22 40 0 0
16777216 10 2101248 12288 0 153092096 89 0 32 0
0 4 458752 0 0 536870912 0 268435456 64 0
1064960 328704 536576 0 0 402653184 0 0 65552 0
8192 1040 0 9216 0 0 64 268435456 65696 0
134219776 9216 8192 0 0 0 0 0 2113544 0
0 8388608 0 132224 0 0 0 0 524292 0
4096 570495040 0 0 1048576 0 0 262144 67109120 0
131072 33656832 0 0 4194304 0 0 1048576 131072 0
201867264 24 2 256 8421376 0 0 0 17040384 0
8192 0 0 163840 0 0 0 671744 281018368 0
268435456 139776 0 0 0 0 0 0 402801152 0
0 83992641 0 0 262144 133120 0 8192 393216 0
4096 138412036 6291456 536870912 2621440 0 0 4194304 2048 0
0 100667392 3145728 0 18 0 0 8192 269484032 0
33554432 8448 0 4 622592 131072 0 0 1048576 0
0 0 0 0 4194304 19456 0 0 0 0
33554432 6296576 16777216 268435460 8194 0 0 4292608 0 0
33554432 24 1048576 33554432 0 1081344 0 0 0 34
1048576 128 4194304 96 4 34816 0 0 33554432 18
0 16777232 8388608 4 0 1114112 0 0 67108864 36
336068608 67108864 1048576 603979816 0 10551296 0 0 536870912 6
2097152 67109152 8388608 16777218 2 1114112 0 0 8 32
0 270532736 524288 512 0 0 0 0 603979780 22
138805248 0 0 580 0 786432 0 0 268435456 0
553648128 8 0 0 0 786432 0 268435456 67108928 4
4718592 268435464 0 0 0 2162688 0 0 33555776 6
805322752 268697600 0 0 0 0 0 0 34 32
524288 0 0 26624 0 0 0 0 0 0
17039360 0 0 0 0 0 0 0 4242 0
0 0 0 128 0 570425344 4 134217728 4104 0
0 0 0 33280 0 0 8 0 0 0
98304 2179072 0 18496 0 0 4 536872192 0 0
17825792 4800512 0 128 66 536870912 20 67110016 0 0
25165824 2457600 0 0 4 0 0 536871552 16 0
917504 655360 0 4096 0 134217728 0 67108864 0 0
8912896 5505024 0 134217728 2 1048576 8 64 68 0
2097152 8523776 0 2080 0 134217728 0 0 512 0
21168128 524288 0 0 0 16384 0 520 0 0
1179648 0 0 0 64 268500992 2 32 16 0
4785152 12713984 0 134217728 0 2097152 469762048 16 0 0
32768 4194304 0 786432 0 2097152 0 270848 8 0
4980736 8192 0 134283264 8 524288 0 197122 2 0
7110658 0 0 134479872 1048576 0 0 6 236 0
1048608 0 0 1114112 786432 0 268435456 9216 66048 0
17456 0 0 24576 0 262144 0 512 1025 0
16913 0 0 4202496 196608 4980736 0 65536 5242880 5
10241 0 0 0 2048 0 16777344 65536 524288 16
0 0 0 0 0 0 0 294912 1081344 0
2113536 0 0 16384 4259840 0 603979841 133120 524288 10
131072 0 0 1056768 34471936 0 541065376 2 1048576 0
262144 640 0 152576 2949120 0 512 16384 268435456 1
524288 18432 0 4194816 263169 0 0 0 268698624 0
0 2048 0 128 17039360 0 288 0 269615136 18
524288 1024 0 8192 1 0 20 0 16384 0
262656 0 0 75563520 167772160 0 128 0 1024 34
0 35840 0 536870912 0 0 40 0 4096 0
135168 0 0 33554432 0 0 0 0 0 0
310452224 0 0 545260544 21233666 0 0 0 128 4128
171966464 0 0 8388608 1 0 0 67108864 576 8
17039616 2304 0 0 2 0 2048 268435456 1024 655360
155715072 5248 0 268435456 0 0 65572 50331648 16448 788064
2097152 0 0 0 0 134217728 0 0 4160 32770
134488576 0 0 0 0 0 102400 0 4096 32800
50618368 0 4194304 0 0 0 65544 268435456 1024 0
0 0 8454144 0 0 0 32768 169869312 13345 66816
0 0 5242880 0 0 0 524328 16777216 32 132736
589824 5120 2187264 0 0 0 8200 302120960 0 327684
16777216 1536 4218880 0 0 33685504 0 1048576 0 0
0 0 0 0 0 0 18464 52494336 0 76032
0 16512 67108864 0 67108864 18874368 6160 262144 16512 0
0 0 536870912 0 603979776 35651584 130 0 96 65540
0 0 65536 2112 0 8388612 0 0 256 40
0 2048 1048576 0 4194304 1 0 0 0 0
0 32768 256 0 0 524288 0 1179648 0 98432
0 1024 12591232 8192 131072 0 0 2162688 536870912 256
8388608 0 555778688 0 604110848 50331648 0 4325376 0 16384
0 1026 32 2056 838959104 33554512 0 17448960 0 144
134217728 0 268435456 272 655360 58753056 0 0 134217728 65536
0 0 10495008 8320 0 20 0 32768 0 32808
0 8 0 4096 403177472 96 0 536576 0 12
75501568 0 0 64 1048576 1048592 0 8192 0 64
75497472 0 0 8448 71303168 0 0 1048576 0 0
3145728 0 0 0 403832832 24576 0 266240 0 0
8388608 0 0 0 67108864 589824 32 302120960 0 0
310902784 0 0 0 0 8208 0 0 274 0
67764224 0 0 0 536870912 0 192 2213888 1028 0
572588032 0 0 0 2 138412032 4 144711680 64 49152
2621440 32 0 0 144 4194304 0 0 19 278528
131072 1 0 0 0 268697600 32 8388608 32 0
17309696 0 0 0 8 524288 64 2097152 130 0
268697600 0 0 1 64 540672 131072 4194304 0 262144
524288 20 268500992 268435456 0 0 8208 671088640 6 65536
553648128 18 4718592 0 2 0 4097 0 40 32768
65536 2096 269484113 0 128 0 4192 0 0 0
100663296 1156 536871428 268435456 0 0 226508800 0 0 524288
0 2 1081376 1 0 0 8388612 0 0 262144
0 8 134358016 4 34 0 67911696 0 0 8192
0 320 32 2 0 0 2113664 29360128 0 0
10485760 0 1721360 4 131072 268435456 34865408 687865856 0 0
9961472 18 268437504 25 0 8 131072 134217728 0 0
67108864 0 73403392 0 268447744 128 2129920 258 0 0
68157440 12 3139 0 268566528 0 262272 33554432 2048 0
69730304 96 512 0 2621440 4 6 386 1088 0
67371008 35 1024 33 0 256 3 83886080 0 0
136314880 5 0 16 0 20 524288 675282946 0 0
0 4 0 64 0 6553888 256 0 4096 0
2097152 2 0 128 73728 32 0 512 256 0
1048576 134217728 0 0 8192 65 0 83886208 16392 0
0 268435456 0 0 540672 0 0 0 18689 0
268435456 0 0 0 268435456 8388608 0 256 8704 0
0 268435456 136 0 0 1146880 0 4 8192 0
67108864 0 0 0 0 16826368 0 0 400 0
0 0 72 0 0 4194304 0 0 8 0
0 2183168 32 0 0 0 0 0 256 0
0 0 2080 0 0 0 0 270573568 16 0
0 4096 264 2 4 12713984 0 8192 132 0
512 5505024 1024 0 4 0 0 16384 0 0
2048 6291456 4224 16778240 2 0 0 90112 0 0
256 262144 32 164 0 0 16 40961 0 0
66560 0 0 128 0 268435456 8 1048576 0 0
0 0 0 16777280 0 33554432 134217728 6815744 0 0
1024 0 4160 128 0 67108864 0 16486 0 0
0 2105344 0 536870944 4 0 8 0 0 0
21248 327680 1024 0 3 0 536870912 16 0 0
2304 0 32 33554432 0 33554432 0 0 0 0
0 0 0 64 0 0 8 64 0 0
0 0 0 0 0 268435456 536870928 8 0 0
0 0 0 0 0 0 32 64 0 0
0 0 0 0 0 0 0 0 0 0
500301620 10
48732265 12
366660 12
329498000 12
306722191 11
569873071 14
118142566 14
168985344 12
386239670 12
668165400 15
355600209 12
256455435 12
656517681 12
106417356 11
669668569 14
476113953 12
8850475 11
165772480 12
451554697 11
27378361 11
390439150 12
87999846 15
264779259 10
34949142 10
213363301 10
293413692 10
40625630 13
127171425 11
134196490 11
401948397 12
82501348 15
61249876 13
14612347 14
19811674 12
680934593 15
36807129 10
574051170 11
6639435 10
62078247 11
198003804 10
61544001 13
32758886 14
40259514 12
52187073 10
839984265 10
465607030 12
366659040 10
236598385 10
398385703 14
203964720 13
269056664 13
370509257 14
39647718 13
26617291 11
41981059 10
566683962 12
183309224 10
23728531 13
96408538 11
203804843 15
47573569 11
88903440 14
149385888 11
19613371 14
454618477 10
138546568 11
226326161 15
95798241 15
202477028 10
75409984 10
682140461 13
408629223 13
710521070 12
525406879 14
540813840 12
412230765 10
437245533 11
188356281 13
73180631 13
254314800 10
278350380 15
229889371 14
459789711 13
45321663 15
12032045 15
132705132 15
386426250 15
155177973 11
17517126 13
548226050 12
299997875 11
130069576 11
73723590 12
77994219 14
313872201 14
2591475 12
580618854 14
146834304 14
119403402 10
660102941 12
664995403 11
550376126 11
214522098 15
788564368 11
602478471 11
131453686 13
355360732 14
296959402 11
261272616 10
2374728 14
486422319 14
663020406 11
474555136 13
56934259 14
167217786 13
242610733 11
29810551 15
129707026 14
68980561 11
356160645 11
1204208 11
485082145 11
528471320 11
566735808 10
13609344 15
538325861 12
234889419 13
378319653 14
520466701 13
47620650 12
68315647 13
136268248 12
450885330 13
159201841 14
46563518 15
87215508 13
623178791 13
212942400 13
30727851 11
308060160 10
287217495 12
170031250 12
253729371 15
352520224 11
219877160 12
152562976 15
130472711 13
98247977 14
929097 15
255602031 15
386740495 11
412823061 10
209453891 11
708591855 13
272967900 11
409243512 11
741958793 10
474590950 14
833357377 10
604780 15
344252805 12
2382666 13
151665436 12
202205814 12
174615264 14
526641679 13
43379189 10
547103592 15
91249425 11
720959864 10
47567719 10
464479743 11
159311332 11
674411956 14
646106657 13
417114577 11
552693681 14
334851615 10
123036108 13
10057 14
382786410 13
261881173 10
147381872 13
238565789 13
482222520 13
388668510 15
306849271 12
333108774 11
374698240 11
59006625 15
439628320 11
194083116 10
663556 10
2871450 12
87750348 13
289609628 10
425515487 10
29949721 13
143872873 11
115075086 10
603864675 12
207187806 12
188649699 13
621470809 10
643277601 10
447079744 10
273999251 11
48604428 11
11561025 11
447578838 14
74034311 11
524089763 10
232669356 13
152015105 13
111682195 11
120895632 10
7572290 15
201844720 10
803434529 11
175991531 10
777191822 14
327974257 13
21864151 10
300691720 10
217341088 10
927231536 10
199719073 13
536031522 10
253589244 13
28064841 11
