5
6 1 5 9 10 11 12
7
15 5 1 3 5 7 9
12 6 2 3 4 6 7 8
7 5 3 4 5 6 7
16 4 8 9 10 11
5 1 12
33 12 1 2 3 4 5 6 7 8 9 10 11 12
9 3 1 12 13
10 1 2 3 4 5 6 7 8 9 10
7
8 1 1
8 4 1 2 7 8
8 3 3 7 10
7 2 2 6
6 4 2 7 9 10
5 4 3 7 9 10
9 5 2 4 6 7 8
8 1 2 5 6 7 8 9 10
7
6 4 1 2 9 10
7 3 5 7 10
10 5 2 5 6 8 9
10 5 1 2 5 8 10
6 1 3
10 2 1 8
6 2 1 5
20 1 2 3 4 5 6 7 8 9 10 11 12 13 14 15 16 17 18 19 20
11
7 9 1 2 3 11 14 16 17 18 20
12 4 1 14 16 20
25 3 1 2 10
25 9 2 4 5 9 14 16 17 18 20
18 7 1 2 6 9 14 15 16
11 8 1 6 9 12 13 16 17 20
13 9 1 4 8 9 11 12 13 14 19
11 10 1 2 3 6 8 10 15 17 19 20
16 6 1 2 6 10 16 19
22 4 3 10 13 19
20 6 1 5 6 7 14 18
30 1 2 3 4 5 6 7 8 9 10 11 12 13 14 15 16 17 18 19 20 21 22 23 24 25 26 27 28 29 30
15
50 15 2 4 7 10 11 13 14 15 16 20 22 24 26 29 30
48 5 6 12 15 16 19
36 3 2 5 7
41 12 2 3 7 9 10 11 14 15 19 20 23 30
25 9 2 4 5 7 11 14 19 27 30
29 15 1 2 5 6 10 12 13 16 19 23 24 25 26 28 30
50 3 1 3 6
50 15 5 8 13 14 16 17 18 19 20 21 24 25 26 29 30
26 15 1 2 5 9 10 11 13 14 17 20 22 24 26 27 30
13 4 1 4 9 10
14 11 1 7 8 10 11 13 16 19 22 25 26
36 4 19 23 26 27
35 9 3 8 11 14 17 23 25 28 30
18 15 4 6 9 10 11 13 14 15 16 18 21 23 24 25 30
20 2 15 24
