5
24
100 5 4
200 5 1
200 2 4
200 1 4
200 2 1
300 71 1 10
300 67 4 8
300 43 3 4
300 3 2 4
300 75 4 4
500 4
400 4 75
500 1
300 81 2 10
400 2 67
300 69 1 5
300 55 3 6
500 2
400 5 69
500 5
200 3 5
200 3 4
300 28 4 10
500 3
40
100 10 2
200 2 3
200 6 1
200 2 7
200 3 5
300 48921254 2 3
300 55249 2 7
300 34 2 5
300 5642188 2 4
300 5791776 2 1
300 99957 1 9
300 1 1 7
300 1736 2 7
300 985746750 1 1
300 170141 2 6
300 405 2 10
300 70 2 4
400 10 5791776
500 7
300 729372290 2 6
400 2 985746750
300 86688 2 2
500 8
300 51347534 1 3
500 2
500 5
500 4
300 3 2 10
300 6 1 10
300 7154 2 8
500 2
500 10
400 1 86688
300 642740946 1 3
500 8
500 7
200 4 1
300 2446 1 7
300 69834 1 6
500 3
100
100 20 4
200 8 3
200 2 7
200 19 8
200 11 10
200 13 4
300 43992205 2 82
300 50960 2 24
300 27908713 3 76
300 95390440 3 91
300 88469545 4 58
300 15074884 3 64
300 3935 4 49
300 46169 4 3
300 380049 3 26
300 233 2 32
300 42 2 25
300 65131 3 49
300 720829815 1 49
300 95752 1 46
300 92586706 1 100
300 825959404 1 86
300 5877 1 47
300 68530897 3 55
300 57979 3 97
300 140253 1 35
300 6 3 42
300 38 4 91
300 939949 2 84
300 9 2 18
300 52142353 4 11
300 395904796 4 77
300 497922 3 14
300 574 1 40
300 276493 2 11
300 655 4 20
300 42878 1 36
300 73392 3 78
300 757336 3 94
300 128676519 3 37
300 3255466 1 93
300 469 4 74
300 97567 3 64
500 2
500 14
400 8 46169
400 4 276493
400 6 52142353
500 12
300 6321 2 8
500 16
300 7596 1 64
500 6
500 3
500 18
500 5
500 9
200 12 3
400 5 6321
500 17
400 5 9
300 725127526 1 76
500 6
500 16
400 6 825959404
300 200653 1 89
400 9 97567
500 9
300 649161 4 23
500 2
500 7
500 13
500 7
200 14 13
500 1
400 1 497922
400 8 655
200 19 17
500 2
500 5
400 3 649161
200 11 15
500 3
400 4 50960
500 15
500 13
500 16
300 465732 1 11
300 557 3 22
500 10
300 509924 1 84
500 1
300 819348128 2 70
500 9
400 17 465732
500 4
500 12
200 20 4
500 13
500 9
200
100 30 4
200 20 5
200 15 10
200 28 6
200 25 26
200 1 13
300 7 4 73
300 276 1 50
300 74960233 4 73
300 378189232 2 82
300 856981118 2 14
300 658 4 86
300 906141652 3 70
300 4 3 69
300 59811822 2 28
300 197641573 4 75
300 791600 4 77
300 567 2 38
300 30729862 3 11
300 59964 4 58
300 910289596 2 50
300 85670501 1 88
300 88660 4 31
300 41177808 3 26
300 6845691 4 25
300 8923 2 4
300 73422601 4 89
300 91 1 18
300 64641619 4 12
300 93835223 2 89
300 997 4 49
300 665864428 3 24
300 25 4 61
300 9637549 3 8
300 4004 3 85
300 484 2 83
300 976 2 97
300 9634 3 94
300 113 1 97
300 69 4 88
300 5 3 76
300 79951 3 21
300 31050 4 53
300 940861 3 97
300 8133 3 43
300 113461 3 98
300 7408669 3 91
300 33177 3 28
300 5821 3 88
300 1461 4 85
300 802508 1 82
300 35198678 1 19
300 8044605 3 80
300 13089 3 57
300 483983 1 34
300 41 1 56
300 77521550 4 75
300 653908593 4 50
300 33564010 2 50
300 8580 2 18
300 485 4 83
300 8085147 1 73
300 2632668 3 86
300 101827 4 68
300 890 1 54
300 8 4 91
300 749557 3 98
300 260 4 51
300 22210489 3 8
300 305 4 42
300 906 3 21
300 1000 1 25
300 15920549 3 74
300 42021 3 4
300 712567660 2 32
300 957109 4 37
300 29 2 37
300 669 1 19
300 3325854 3 47
300 8383212 1 47
300 203053 1 39
300 2295354 4 21
500 22
300 235322 3 40
300 173167437 2 62
300 9097037 4 63
500 30
400 7 9097037
500 25
400 1 8923
400 13 856981118
500 22
300 629600859 1 97
500 10
500 18
500 25
500 15
500 5
200 22 15
500 21
500 28
500 22
500 13
200 24 13
500 10
300 37776480 4 97
400 5 42021
500 25
200 3 4
400 20 9637549
400 4 22210489
500 23
500 14
400 3 30729862
300 109 4 81
500 10
200 10 5
300 154735 1 88
400 24 8580
400 29 64641619
400 12 91
500 10
300 30862 4 67
500 20
400 22 669
300 624 2 9
300 489 2 81
300 5890 4 40
300 908 3 52
500 4
500 29
300 78965158 4 2
300 699294 2 86
500 28
200 16 14
500 9
500 24
300 83 1 98
500 1
500 23
500 30
500 23
500 13
300 28 3 19
500 10
500 10
300 40537468 3 48
300 22606 3 23
400 26 78965158
300 31 2 26
500 24
300 143344 1 44
500 30
500 9
500 21
300 2263 1 44
400 8 624
400 30 28
500 26
300 387082 2 88
300 322 1 14
300 32727559 3 85
500 9
200 4 12
300 8326320 2 25
500 1
500 21
500 3
500 23
500 16
500 17
500 16
300 77 2 94
300 5729946 2 3
500 9
500 1
500 8
300 8218 4 88
300 625962 1 19
500 19
300 1155 1 98
300 47 4 69
300 61320 4 9
500 8
300 94639 3 58
500 2
400 21 5729946
500 16
500 5
500 18
400 3 906
300 90 2 48
300 21287 1 62
500 13
500 15
300 2909909 1 15
400 7 61320
500 29
300 52067 3 76
500 8
1000
100 50 10
200 18 1
200 40 9
200 45 37
200 6 3
200 29 8
200 23 10
200 45 16
200 35 47
200 41 35
200 44 3
200 24 48
200 2 50
200 47 38
200 4 36
200 45 19
200 33 11
200 12 26
200 46 6
200 50 37
200 36 44
300 94 5 49
300 17869 1 21
300 4983 3 92
300 37 3 30
300 988091 1 67
300 2170360 4 97
300 316651661 7 47
300 10 2 26
300 670 4 80
300 7853619 5 41
300 6524 3 39
300 26 5 61
300 79251409 9 68
300 630 9 95
300 73717 8 11
300 96611672 6 99
300 5470 2 7
300 4323 7 92
300 109709 4 44
300 9093390 10 17
300 3964 4 80
300 53 1 10
300 479 7 13
300 82385 5 33
300 47588309 4 12
300 9621 8 86
300 5865719 10 74
300 905553119 10 94
300 467963107 4 13
300 103249501 8 45
300 872638662 7 44
300 3 7 67
300 405 10 48
300 413493831 1 95
300 5 2 45
300 581994 8 78
300 8279 3 97
300 1960113 6 89
300 6947 3 92
300 11858506 4 62
300 4957 3 70
300 277239647 6 31
300 3850 5 96
300 66994 8 67
300 5142 10 88
300 63 4 27
300 5356918 6 56
300 91992 5 52
300 921406 9 58
300 230999 10 33
300 7720001 1 36
300 826451 9 12
300 133833825 8 45
300 740 5 65
300 658872705 7 28
300 101474 5 47
300 49359684 3 43
300 3795350 6 82
300 171 1 54
300 8730595 4 76
300 74 5 2
300 9 3 75
300 393500862 4 33
300 3225 5 13
300 85774216 3 85
300 1720760 7 86
300 767736529 3 39
300 5296797 2 51
300 599464 8 10
300 991416 5 61
300 1408038 10 63
300 462 5 62
300 71708 2 67
300 287558 9 61
300 83932 9 68
300 47 5 49
300 9471596 3 95
300 13329482 6 2
300 62191544 7 92
300 52618 3 100
300 1035061 4 36
300 8540 6 75
300 2 2 25
300 733997 3 36
300 65892711 9 12
300 897297 7 59
300 62513 1 16
300 259083423 5 21
300 66 7 90
300 728063 7 82
300 554136 6 15
300 936 8 6
300 8 7 8
300 8152 1 54
300 4826011 7 41
300 867587 10 81
300 114734779 1 38
300 705268 1 71
300 3575444 8 30
300 343037677 8 91
300 13122 2 73
300 315861760 7 45
300 7 2 27
300 3683260 6 17
300 168503025 6 40
300 39109227 2 31
300 3573 2 91
300 48577 9 91
300 882761 5 94
300 64371 1 20
300 809 3 94
300 13 6 63
300 4509 8 19
300 8838 7 27
300 427 9 31
300 622813005 3 89
300 592397105 2 42
300 71 5 73
300 5494 10 8
300 5481 1 99
300 208194949 7 55
300 20580775 2 55
300 3573178 5 15
300 6 7 80
300 40239 8 94
300 62637 9 10
300 63838030 8 91
300 9546481 6 95
300 194363 10 88
300 379807 2 26
300 56575100 3 37
300 25080 10 89
300 241 1 69
300 678360 7 1
300 77923087 7 94
300 73639938 4 82
300 972 8 59
300 43631215 6 47
300 1991 8 100
300 1376414 6 17
300 846 8 2
300 529 10 40
300 509 9 37
300 818 5 96
300 7997 10 45
300 80124 2 11
300 4 9 64
300 800496267 10 60
300 276876 3 2
300 90177 7 57
300 76 1 46
300 82600 1 81
300 3954052 9 93
300 929 7 34
300 5748 8 88
300 669025866 4 51
300 811566 6 49
300 836521 10 4
300 64800313 6 39
300 795 5 38
300 65252 3 68
300 2339160 10 36
300 2862 7 95
300 65420522 1 74
300 45202130 8 89
300 20 9 29
300 1273248 2 30
300 526488 2 96
300 950076 4 16
300 238 7 52
300 8519752 8 3
300 782 4 23
300 65 3 33
300 54 7 49
300 87398712 7 32
300 180264 5 46
300 391390701 9 3
300 87339640 8 98
300 7463 1 91
300 47552182 8 24
400 43 678360
500 49
300 28378980 1 77
300 19768616 8 79
300 51245 10 57
300 261218127 6 11
300 9394 9 73
500 7
500 40
500 42
200 26 47
300 7871 9 54
500 9
400 1 74
500 18
300 3716767 3 43
300 37646687 6 42
300 2675 4 70
300 1 4 14
300 113339761 5 40
500 44
500 17
400 45 846
400 19 8519752
500 35
500 34
400 17 276876
400 47 13329482
500 12
200 46 23
500 17
400 36 391390701
500 25
300 85007769 2 8
300 42865509 2 88
300 35142551 7 74
300 715077 10 56
500 7
300 89938 5 42
300 3383738 8 80
400 5 836521
500 10
500 49
500 26
500 25
400 41 936
500 23
300 3769 2 64
500 4
500 44
500 6
300 983 3 51
500 46
300 3475651 6 29
200 8 46
200 7 27
500 2
300 9267493 6 3
200 34 42
500 14
500 35
500 22
300 779140650 10 78
300 537620 10 12
500 8
500 3
400 19 599464
500 6
300 26911 3 17
500 3
300 295 4 88
300 9095687 3 6
500 37
200 35 9
200 45 35
500 8
500 24
300 40271 2 86
300 94192 7 84
400 45 897297
500 15
500 27
400 47 9267493
500 28
300 23 7 59
400 36 62637
300 332 3 68
200 49 34
300 6496032 1 34
200 6 25
400 4 826451
200 17 27
500 33
500 34
300 30985 5 41
400 43 8
200 25 45
400 19 73717
400 6 9095687
500 36
500 3
500 17
300 860272210 6 48
300 60 3 40
400 44 65892711
500 28
500 46
400 22 64371
500 31
400 17 26911
300 67631211 2 55
200 8 20
300 937074 4 90
400 40 5470
200 19 26
500 6
500 20
200 29 6
500 23
500 44
300 962976702 9 23
200 7 38
400 28 5494
400 7 85007769
500 14
200 35 21
500 44
500 44
500 42
300 154448 6 71
200 40 33
500 10
400 22 413493831
300 342639855 9 54
500 16
300 6101 5 64
300 30262 10 7
500 3
300 905420915 7 75
300 63103099 4 26
500 49
400 21 30262
500 27
300 39662130 5 76
400 14 53
400 4 962976702
500 48
300 65924489 9 83
400 26 4509
500 2
500 9
500 36
400 3 6524
400 47 261218127
500 24
300 93876 7 56
500 20
500 29
500 32
300 9411 7 47
500 32
200 8 26
300 69 4 53
500 21
500 31
500 42
200 50 21
500 1
500 50
300 5014129 8 27
300 48 4 21
300 3487 2 85
500 3
500 47
300 112 4 8
200 50 45
300 4784306 8 45
300 15064 8 21
500 49
300 77 10 65
500 47
200 34 15
400 43 66
200 9 29
500 1
500 47
300 87 7 72
300 30843 4 5
400 50 537620
400 24 30843
300 283 4 16
500 25
500 42
300 481 10 20
300 283215 6 4
500 33
500 38
500 31
500 42
300 3892225 2 2
500 8
500 45
300 24754 8 92
400 30 3892225
300 440 9 12
500 45
400 36 440
400 28 9093390
300 310785 8 26
500 1
200 47 44
400 41 15064
300 518308 7 28
400 33 80124
300 8558736 1 48
400 46 37
300 9284859 7 31
500 28
500 20
500 2
500 38
500 5
500 14
500 47
500 28
200 27 34
500 7
400 26 47552182
300 613750 3 2
300 9609290 7 98
500 30
200 40 38
300 9071 10 78
500 17
300 695678016 7 37
300 15 4 48
500 17
300 460655 6 98
500 40
500 14
400 35 49359684
500 6
300 6415 1 18
500 19
300 159535 9 21
400 15 613750
300 621641207 10 56
300 9677 5 22
500 40
300 6716 2 37
400 10 283215
500 46
300 428998 10 71
400 33 2
200 10 43
500 5
500 18
400 40 10
500 10
500 35
300 3899630 4 43
500 28
300 31 8 50
500 36
300 5469211 10 48
300 32 2 95
500 8
300 9400 2 52
500 32
400 38 554136
200 41 2
200 8 28
500 11
500 8
500 18
400 40 379807
500 26
400 48 112
400 8 481
300 893242110 6 13
300 19610 10 53
500 19
200 32 41
400 2 670
500 6
500 42
300 70 10 51
300 82691259 9 34
400 37 479
300 7124 5 19
400 16 310785
300 244772 2 24
500 50
300 983467217 6 46
300 25 6 98
500 1
500 39
500 18
500 33
300 796 7 35
500 38
200 21 42
300 50 1 4
500 44
500 39
300 7747 10 96
300 34775595 7 40
500 49
500 37
300 4103 2 38
500 1
500 45
300 829252514 3 46
500 44
500 22
200 12 2
300 389348 6 37
500 19
500 17
500 14
500 48
300 4596 6 21
500 28
500 44
300 567 4 79
400 41 5014129
300 409 10 87
500 44
500 33
300 53245 6 63
300 2468287 1 10
500 7
500 50
400 37 8838
500 49
500 41
500 32
500 43
200 34 25
300 83488 8 28
500 49
200 39 23
500 34
300 31925233 2 62
400 10 518308
500 50
500 25
500 39
300 36 8 99
500 4
400 17 65
400 43 658872705
300 19128 9 8
400 7 893242110
200 8 21
300 9546 10 99
500 33
300 19237 7 87
500 38
200 33 9
400 27 733997
500 2
500 24
500 27
500 48
500 5
300 589312 6 21
400 3 56575100
500 34
500 41
500 3
200 27 47
400 42 230999
300 99188082 9 34
300 874 2 43
300 365825 7 97
400 2 83488
400 30 244772
500 41
200 18 29
500 13
500 20
300 24674 2 8
400 33 24674
300 300262 3 39
200 25 4
300 1340494 4 21
400 26 3575444
200 7 18
300 700871420 4 100
500 27
500 4
500 38
500 29
500 30
500 16
400 18 3225
400 9 7
300 212595131 9 88
400 4 19128
300 868198561 3 64
500 2
500 16
300 724 4 46
500 23
500 19
300 44451192 1 83
500 28
500 37
300 17 1 88
500 38
300 7159722 3 47
300 2123 2 59
400 27 1376414
500 13
400 25 159535
400 12 4983
300 46331232 3 85
300 48315880 8 25
500 43
400 40 1273248
300 69392 7 49
300 156 6 89
500 34
500 43
400 15 462
500 14
500 46
400 16 48315880
400 22 50
500 7
300 26034 2 59
400 14 2468287
200 50 33
300 495424159 6 53
500 44
500 43
400 41 4784306
500 1
400 1 3573178
300 48348 6 57
300 988984531 10 92
200 42 35
500 30
500 11
300 29937 7 25
400 6 62513
500 17
300 2825 2 98
300 7222769 8 84
500 4
300 8404000 7 81
400 24 47588309
300 63555537 7 76
300 19717 2 30
300 1879071 3 57
400 45 103249501
400 35 133833825
500 36
500 8
300 59 8 92
300 86 4 66
500 28
300 38328911 9 56
300 966726755 1 32
300 98866 4 54
400 20 2339160
400 47 3683260
500 4
500 28
500 47
500 42
200 4 48
300 4736330 8 26
500 22
500 44
300 64943915 10 95
300 688895 5 58
200 18 30
400 31 467963107
300 88 2 66
500 18
200 44 27
300 8142489 3 10
500 46
300 361 7 85
500 48
300 6029661 7 94
300 538 1 99
400 1 7124
500 34
400 14 6415
500 46
300 7521506 6 6
500 30
300 81 7 62
300 92871886 2 76
500 13
500 33
300 71319 1 87
400 16 9471596
300 2531735 6 31
300 762312687 1 40
300 452 5 65
400 18 259083423
500 21
500 10
300 751674 7 2
400 42 529
400 50 751674
500 6
500 35
500 37
500 43
500 10
500 45
500 49
400 22 17869
500 21
500 11
400 33 19717
300 558624362 6 29
500 23
500 27
500 35
200 16 42
400 7 7521506
400 39 8142489
500 35
300 353 7 42
500 46
300 745687202 2 25
300 683174 7 24
400 47 4596
300 10088 2 11
500 31
400 11 10088
500 6
400 48 1
400 11 745687202
500 34
200 44 26
300 938025 7 88
300 589135226 10 44
300 37248509 8 10
400 50 683174
300 16 10 21
400 33 39109227
500 10
500 22
300 979734911 2 16
500 11
400 12 37248509
500 43
500 9
400 20 16
300 6666738 4 43
500 4
500 29
400 14 966726755
500 28
500 9
300 95338 2 67
500 40
300 7985557 5 93
400 8 589135226
500 36
500 9
300 725573 6 17
500 15
500 30
500 9
500 16
400 36 20
300 27747935 10 76
400 18 9677
300 3933073 3 100
500 31
500 34
300 567079 1 84
300 6345237 5 15
500 15
400 35 4736330
300 7450 7 51
200 1 8
400 46 17
500 27
300 132620 9 55
300 4048144 5 28
500 49
500 8
300 5721 8 52
500 15
500 14
500 13
500 42
500 7
500 13
300 260026 8 99
400 5 7997
400 49 6345237
500 26
400 8 405
200 24 39
500 19
500 45
500 28
400 34 4048144
500 37
500 25
300 51776109 9 70
300 4861368 6 78
200 44 42
300 142 1 60
400 13 6101
300 8652910 6 62
500 27
200 45 18
500 35
300 328883 7 87
500 3
500 41
200 43 2
500 42
400 4 64943915
200 1 35
400 22 6496032
200 44 21
400 3 300262
400 11 979734911
500 44
400 34 82385
500 50
200 26 24
400 33 6716
500 47
500 35
500 19
200 24 42
500 13
300 43808 7 70
300 455262142 2 72
400 48 283
200 24 40
300 33653527 3 17
400 28 5469211
500 44
500 19
200 44 33
300 2810 3 47
300 1182 7 61
500 43
300 32850 6 63
500 5
500 22
400 26 31
500 30
500 28
300 497 4 17
300 468299730 6 79
400 6 33653527
200 6 21
300 965217255 4 1
300 781 8 13
300 85822725 5 61
300 92567698 4 22
300 358742132 6 97
400 21 8558736
500 10
300 27 5 20
500 16
400 36 427
500 33
400 5 70
300 7688464 4 4
300 2515391 5 7
400 22 7720001
300 90858 5 27
200 43 20
500 15
300 834164 4 42
500 1
500 3
400 30 2515391
300 922 3 19
500 25
200 13 14
200 28 10
300 403923 9 21
400 21 19610
300 90619181 9 50
400 36 403923
500 47
400 17 922
200 50 1
500 4
500 27
300 33885237 3 36
400 14 114734779
300 2941200 7 39
500 36
300 32655 5 60
300 9810038 2 14
300 56332642 7 77
200 4 34
400 22 762312687
200 45 7
400 9 393500862
400 33 9394
400 36 82691259
300 5390 7 14
500 32
300 24764370 4 25
300 7011029 9 79
300 387890269 1 12
500 13
300 411360 1 77
400 17 33885237
200 11 31
500 36
500 30
300 29745045 1 23
500 24
500 36
300 693502577 10 60
300 2227827 10 87
300 30747657 2 38
300 417989223 10 92
300 37393 7 27
400 44 99188082
500 49
500 17
300 292 10 19
400 32 781
500 40
500 13
500 9
500 41
500 16
200 33 37
300 74314 4 75
500 29
300 10479 1 53
500 16
500 33
300 24447093 10 83
300 839534628 4 94
500 43
300 2563799 9 75
300 772446 9 74
500 8
400 48 965217255
300 3255935 6 74
200 43 24
200 6 47
500 11
500 39
300 144166 5 89
500 12
300 722 5 26
300 9215 3 87
500 47
500 49
500 3
400 45 5721
500 50
500 8
300 2032 3 54
400 26 972
500 40
500 49
500 5
500 18
500 43
500 48
300 293809332 2 16
500 4
400 16 66994
200 6 39
500 43
200 23 11
200 24 41
400 8 292
500 36
300 112229 7 84
300 82333 9 17
500 5
300 37584153 8 59
400 45 37584153
300 2086427 1 8
500 39
500 41
500 27
400 36 82333
500 46
500 15
500 36
300 307606039 6 56
500 34
