5
3 6 0 50 0 70 1 60 1 40 2 60 2 60
1 0 3
2 70
1 90 3
2 100
2 140
2 150
0
5 16 0 55 0 65 0 70 1 90 1 85 1 90 1 90 2 65 2 70 2 60 3 35 3 40 4 85 4 90 4 90 4 90
1 0 3
1 69 9
1 276 3
1 345 9
2 552
0
7 20 1 105 0 70 1 110 6 110 1 110 0 65 1 105 1 110 2 65 2 55 6 110 3 35 3 35 4 20 5 20 6 120 6 105 2 60 6 110 0 65
1 0 9
1 207 3
1 276 9
1 483 3
1 552 9
1 759 3
2 828
0
10 58 0 170 0 170 0 170 0 165 5 170 6 265 1 200 1 210 1 200 1 210 5 165 2 125 2 130 6 270 9 170 3 270 3 270 3 265 3 270 3 280 3 270 4 170 7 140 9 165 4 170 4 170 3 270 4 170 5 170 1 205 5 180 5 180 6 270 6 270 2 130 6 280 1 195 0 170 6 270 6 280 6 270 7 135 7 125 8 270 7 130 8 270 8 270 3 270 8 270 8 270 8 270 8 270 8 275 2 135 9 180 9 170 9 165 4 170
1 0 5
1 170 15
2 505
1 680 20
2 1205
1 1360 5
1 1530 15
1 2040 5
1 2210 15
2 2720
0
50 656 0 200 18 720 0 195 0 200 0 195 0 200 0 200 1 60 1 50 35 440 2 205 2 200 2 195 35 430 35 430 2 210 3 460 45 695 3 460 3 470 3 460 3 460 11 775 16 340 3 460 3 470 2 200 3 460 26 135 3 470 3 460 3 460 4 140 39 340 49 580 4 140 4 140 5 50 43 320 6 370 6 370 19 200 28 595 6 370 21 170 22 500 6 375 6 370 6 370 6 370 6 375 7 720 12 760 7 720 7 720 7 720 7 720 7 720 9 370 18 725 46 690 7 720 7 725 12 750 18 715 7 720 7 725 7 730 11 780 7 720 23 290 7 715 32 715 7 720 30 310 7 720 7 720 32 715 8 50 39 340 9 375 24 315 13 550 9 365 9 375 35 440 32 720 9 380 9 365 7 720 9 365 9 370 10 145 10 140 10 145 10 135 10 135 11 775 41 460 6 370 11 780 11 780 11 775 11 780 20 370 11 780 11 780 11 780 11 780 11 780 11 780 11 780 11 780 28 595 11 785 11 780 11 775 25 140 36 370 11 780 11 785 11 780 11 780 11 780 12 745 12 745 12 755 27 140 28 600 15 335 12 750 12 745 12 750 12 750 12 750 12 745 12 750 48 660 12 745 40 310 46 700 46 690 40 310 41 460 12 755 12 750 12 750 35 440 12 755 12 750 46 690 13 550 22 490 13 550 13 555 13 560 16 340 13 550 13 545 13 560 24 310 16 350 45 690 13 550 13 555 13 545 13 545 13 560 13 555 14 520 31 430 14 530 14 515 22 495 14 515 14 520 14 515 14 520 14 515 45 690 14 525 18 720 14 525 11 780 14 520 14 520 14 520 15 335 15 340 32 725 39 335 15 335 15 340 41 460 12 760 31 435 15 340 15 335 15 340 23 290 16 340 48 670 16 340 13 555 16 345 16 340 8 50 46 695 16 345 9 370 44 530 17 270 14 515 45 690 17 265 42 470 17 260 17 255 16 340 17 260 38 555 18 720 18 715 7 715 13 550 35 430 18 720 22 495 18 715 28 600 14 530 36 365 18 715 17 260 18 720 18 720 18 720 18 730 18 725 18 715 42 470 18 720 18 720 40 310 18 715 19 200 48 655 33 405 44 515 19 200 30 310 35 430 29 210 20 380 20 375 18 715 28 600 20 380 20 370 28 600 20 370 20 370 20 370 20 370 14 520 21 165 21 170 21 170 32 720 21 170 21 165 45 685 22 485 22 485 22 495 22 490 32 715 22 500 9 370 22 485 17 270 46 695 22 490 19 200 22 490 2 195 14 520 22 490 23 290 23 295 23 290 38 550 23 285 7 725 23 290 7 715 23 285 40 310 43 305 24 310 24 315 24 305 38 560 20 365 24 310 24 310 9 370 38 560 24 315 25 140 11 780 45 685 25 135 25 135 48 660 38 550 26 140 38 550 26 140 27 140 12 760 32 715 27 140 27 140 28 600 28 600 18 720 28 610 28 605 6 370 28 605 7 720 41 460 28 610 28 595 38 550 39 340 28 600 11 780 28 600 20 370 22 490 28 605 28 600 28 600 29 210 29 200 43 310 29 195 29 210 29 200 29 200 30 305 30 320 30 315 18 720 46 690 41 465 30 310 39 340 30 310 6 370 36 370 31 430 31 430 31 440 31 430 31 430 31 435 31 430 31 430 31 430 15 340 31 430 31 425 31 430 48 655 14 525 32 725 32 730 32 720 16 340 32 720 16 350 32 720 32 715 27 150 30 320 32 720 9 370 32 720 32 730 3 470 32 720 32 720 6 375 32 720 32 720 15 350 32 715 35 425 32 715 40 305 33 395 33 400 46 695 33 400 33 400 19 200 46 690 33 400 33 400 20 370 33 395 33 395 33 400 33 400 34 105 34 105 34 110 34 110 48 660 35 430 41 455 35 425 3 455 26 140 35 430 38 550 40 305 15 345 32 720 35 430 48 660 0 200 7 715 36 375 3 460 36 370 36 370 18 730 7 725 36 375 36 380 36 370 36 370 36 370 36 365 36 365 37 290 37 295 37 290 37 290 37 300 33 400 37 285 37 285 37 290 37 290 3 460 7 720 24 310 38 550 9 370 7 720 38 550 38 545 44 520 23 290 38 550 44 520 38 550 38 545 38 550 38 550 22 485 38 550 49 580 48 660 20 375 38 550 39 340 4 135 39 340 39 340 39 350 39 340 25 150 39 340 39 340 23 290 40 305 12 750 12 750 2 200 40 310 40 305 32 715 40 310 30 310 42 460 41 460 30 310 41 460 35 430 41 455 41 455 28 600 41 455 41 460 49 580 41 460 12 760 11 780 47 85 46 690 24 305 44 515 42 460 13 550 42 460 42 460 42 465 42 460 42 460 49 580 42 465 18 720 46 690 42 460 42 455 18 715 42 460 5 50 43 315 43 310 43 310 24 310 43 310 33 400 49 580 43 305 12 760 43 310 44 515 16 340 44 520 44 515 41 460 38 550 42 460 19 195 44 520 44 530 44 525 44 520 44 520 44 520 44 515 44 520 44 520 44 520 45 690 17 260 45 685 45 690 45 690 45 690 30 320 45 690 45 690 45 690 45 690 45 690 45 690 45 690 22 490 13 550 3 460 45 700 45 695 45 685 17 255 46 690 45 690 45 690 33 400 12 745 46 695 46 690 46 695 42 460 46 695 46 685 46 695 40 305 41 470 13 555 37 295 46 690 45 700 46 690 22 490 28 600 46 690 43 310 46 695 46 700 32 720 4 140 15 340 47 80 47 80 48 660 28 600 48 670 48 660 35 430 12 750 48 670 48 665 6 370 48 660 48 660 48 660 48 655 35 430 48 660 48 665 19 200 48 655 31 430 48 660 18 730 48 660 48 660 49 585 41 465 49 580 49 580 49 585 49 575 46 690 49 580 49 580 49 580 49 580 49 590 49 580 49 580 49 575 43 315 49 575 26 140 42 455 49 580
1 0 7
2 110
1 203 14
1 609 28
2 1209
1 1421 7
1 1624 21
2 2069
1 2233 28
2 2393
1 3045 7
1 3248 21
1 3857 7
1 4060 21
2 4125
1 4669 28
1 5481 14
1 5887 28
2 6337
1 6699 7
1 6902 21
1 7511 7
1 7714 21
1 8323 7
2 8423
1 8526 14
2 8766
1 8932 21
1 9541 7
1 9744 21
1 10353 7
2 10528
1 10556 14
2 10896
1 10962 21
1 11571 7
1 11774 21
2 11999
1 12383 28
1 13195 14
1 13601 28
1 14413 14
2 14433
1 14819 21
1 15428 7
1 15631 21
2 15776
1 16240 28
2 17052
0
