5
16 8
15 0 10 12 2 9 5 6 8 7 3 14 13 11 1 4
64 30
48 12 10 22 7 51 17 19 35 27 61 24 5 13 63 9 58 46 18 1 20 62 2 39 3 4 43 11 32 37 0 54 55 16 23 8 26 57 42 33 40 53 29 15 21 52 31 44 6 45 30 50 60 34 38 14 28 47 36 25 59 41 49 56
100 44
66 26 85 75 76 43 77 5 32 55 90 67 62 78 2 60 40 17 31 52 15 24 54 1 10 68 80 18 94 72 30 65 42 70 33 16 95 37 38 39 20 84 25 9 44 50 47 23 28 48 51 6 87 49 79 96 56 7 22 29 35 27 41 45 74 71 59 4 93 19 34 82 88 64 0 81 61 86 63 53 91 3 13 8 83 12 11 97 73 57 92 99 21 14 58 36 69 46 98 89
256 122
193 51 230 52 208 231 115 139 247 12 183 28 6 66 109 82 61 202 159 31 181 171 63 217 229 132 89 244 11 73 85 226 172 221 76 56 205 179 156 67 173 71 203 74 106 79 178 22 36 211 182 143 194 62 150 164 14 7 155 98 38 30 81 220 4 130 191 77 118 240 23 21 95 235 107 25 20 204 200 13 120 224 253 110 215 225 149 246 238 43 157 18 0 80 41 152 48 86 70 101 187 207 112 103 169 210 140 26 44 206 47 9 227 105 29 222 245 239 129 83 113 102 88 214 57 190 111 16 163 145 65 254 154 45 198 167 46 15 236 84 233 242 197 160 165 125 241 192 114 59 196 199 185 255 8 68 34 184 5 91 53 135 69 121 75 250 99 158 134 228 3 94 175 78 108 126 100 243 97 128 55 17 50 142 201 87 237 24 2 232 249 148 104 116 153 72 166 32 133 151 93 90 123 137 19 37 35 248 188 146 251 212 138 141 174 186 234 96 218 64 176 170 54 92 58 219 177 33 180 40 127 117 189 144 223 168 213 39 124 252 162 161 119 122 136 216 195 1 49 147 10 60 209 42 131 27
1600 788
460 658 445 195 181 1119 786 954 1524 1174 1459 1234 651 1435 288 953 392 49 296 678 1320 1257 700 173 613 1301 19 981 1082 1032 1219 11 1336 1470 1157 1047 1139 1443 1211 349 322 1294 300 40 1216 1019 293 383 643 695 1100 284 1261 118 967 389 937 1330 384 1492 709 758 1156 1258 1172 1397 932 69 153 1485 925 869 229 1113 938 1500 264 822 671 817 1270 245 325 87 939 1457 731 1469 509 221 306 979 485 124 1491 1129 1101 536 1241 498 556 35 263 1323 90 718 1456 1572 861 286 360 466 546 886 1345 968 941 1580 372 320 1244 959 1124 489 605 1325 778 1161 559 1195 1381 261 583 169 908 1368 1051 942 1322 712 1036 906 1300 1166 459 1186 1057 1281 340 115 870 1363 385 1153 707 142 1142 554 615 1411 1279 691 1472 52 166 96 45 488 1430 550 441 993 1447 1041 148 900 708 1038 236 1534 749 1515 28 1465 60 648 436 934 282 22 717 924 312 204 123 41 76 1517 433 1039 1266 104 227 1575 897 974 1379 964 1010 811 1520 1554 933 1334 1088 1015 910 62 39 625 1458 750 606 1086 761 611 502 238 914 1065 1110 38 1084 876 1321 223 416 155 337 1042 267 111 1353 1511 1399 1429 1149 1030 189 1546 587 1376 1136 136 151 836 654 524 352 660 1056 904 29 348 77 692 1566 314 909 117 1509 167 168 1413 1410 628 145 1012 1165 343 1111 1187 668 741 634 1188 1230 342 829 855 962 1437 1135 1441 1023 563 1598 1252 139 1209 1263 1436 323 51 386 594 824 997 1288 1040 1415 838 209 1528 1365 13 756 646 894 560 776 557 747 1025 240 224 630 616 825 598 935 399 412 1005 1526 726 324 809 1577 450 703 1184 401 57 1521 378 520 97 862 1103 368 706 1530 674 573 465 295 362 774 1192 1276 823 134 1490 119 8 1269 969 1309 526 109 135 356 328 810 1315 1080 1475 1445 917 1099 70 1431 475 1362 27 1106 991 1576 94 1087 631 53 266 1550 434 1144 375 679 644 400 344 1307 179 1228 131 1238 1203 919 531 1525 1071 36 492 949 1428 1378 971 527 513 551 170 321 689 623 1312 1407 1486 952 965 330 1247 497 141 936 1507 1451 226 827 177 1393 858 346 1394 366 318 1196 241 815 578 165 1339 552 1049 533 1460 1248 369 353 317 590 1173 1182 841 101 975 1094 1523 1360 182 1583 1420 396 473 1341 332 183 16 702 1354 1255 341 361 100 1218 1177 1159 1371 269 1243 1466 1102 74 612 624 1547 171 451 999 1232 2 257 1377 1440 714 1461 698 1215 427 1185 549 1029 1128 452 1512 202 785 1484 1285 730 1213 278 1482 262 733 484 1033 1122 528 1150 219 641 130 274 1478 873 1197 697 5 1480 1542 1268 1493 1513 213 1054 544 437 1398 895 508 505 1405 593 1138 1391 1361 214 596 46 482 230 1541 1538 377 805 234 798 540 364 819 767 1561 471 763 127 744 48 899 787 1260 930 1434 18 54 228 1551 81 771 864 132 719 1059 14 1075 1107 23 857 467 1160 716 547 1017 1593 292 723 521 1226 1278 1518 1408 255 331 79 1488 633 316 688 478 566 1250 1319 1548 404 791 682 618 600 146 1168 537 12 667 1284 912 277 1467 664 1402 158 1540 82 414 1369 493 249 987 845 429 649 200 1483 1222 1432 1505 161 1070 657 686 1516 1386 1131 1514 1097 530 1414 1060 710 491 670 729 1034 627 32 1545 1256 800 1147 947 89 728 232 1352 152 1108 847 391 1072 291 192 440 1183 797 1026 1314 553 510 1021 1207 1148 1076 1155 1265 548 305 1333 501 766 1053 532 866 1152 201 26 1421 860 957 95 68 365 1224 1366 534 1487 394 442 310 807 1162 1109 940 1595 373 31 1446 1359 1191 102 1337 126 1558 1179 768 632 1170 732 516 233 592 1143 418 1387 1044 254 1091 1570 1438 831 1522 1220 37 1024 506 486 379 1508 1450 1013 621 562 1133 676 926 607 760 1264 1506 777 1121 1449 208 1355 1120 1335 915 468 916 519 784 1419 983 1317 382 713 329 795 258 1305 105 690 1045 265 843 1009 380 1557 746 17 313 220 474 715 564 890 1536 990 1581 754 1251 446 125 675 923 1163 1296 15 1585 1007 884 1473 802 788 1233 663 1370 1014 745 10 880 1439 1564 243 666 455 1189 1236 1497 272 581 430 913 1062 1123 149 405 1594 1127 479 174 370 865 685 1287 1588 251 535 34 73 970 1003 106 973 1259 428 481 922 656 503 1396 244 1597 575 205 525 239 905 885 351 350 1235 911 184 121 1340 407 1277 1311 1582 1599 655 683 742 1058 358 1145 645 1199 988 476 998 626 1529 1212 180 808 1083 419 1481 650 1384 496 88 66 423 1471 91 413 529 956 839 1272 1494 599 1308 1310 1375 1210 1085 147 242 1050 1448 736 696 514 850 1130 849 210 642 948 339 966 840 813 198 928 680 1417 888 276 1245 1498 543 222 720 334 661 946 1453 191 929 1452 1066 985 816 1552 781 1206 542 319 570 1151 1271 1198 65 1535 355 1553 444 931 1067 1584 188 1385 1477 752 110 1227 248 415 1022 927 1380 1326 457 7 1178 1043 853 722 874 186 21 1331 770 463 820 1395 1081 1073 898 1556 565 359 307 588 1499 420 992 653 439 462 285 217 1214 522 175 435 955 1134 1002 687 1356 852 727 1137 336 247 769 327 669 235 1167 976 739 842 252 279 603 812 711 980 315 363 480 1018 280 464 290 1194 751 1389 1400 1560 844 1559 705 1327 1229 1221 511 1489 986 335 1464 851 619 609 75 1231 0 622 1591 461 945 390 1297 1303 1190 1502 1422 387 103 197 759 555 1329 256 1444 652 297 1424 193 347 1374 1175 571 1592 757 579 311 50 98 989 1392 449 920 374 837 402 799 162 662 371 523 1401 1367 144 764 604 1347 1426 1409 958 891 345 762 1349 982 406 1201 1298 743 1382 1171 137 775 129 893 381 1495 138 299 539 490 43 176 629 724 1342 1586 458 1154 187 1555 178 250 755 1364 128 538 93 20 1338 1412 438 1350 1510 122 1176 354 1052 283 80 859 338 432 889 1348 921 620 1204 268 1504 681 56 443 333 977 1146 665 1225 545 1061 872 1537 185 734 271 1098 833 996 1090 408 3 47 1239 448 1539 572 1140 395 421 1004 585 834 848 1 1035 1357 33 1242 270 1388 684 1132 617 794 902 1390 984 1104 1246 1328 1351 576 1292 591 773 30 1324 1454 42 659 1433 772 721 789 1579 206 504 275 1273 326 1567 403 133 72 160 24 231 639 568 64 1372 1302 1503 1202 748 1027 879 1105 4 417 388 1587 1403 804 218 1404 792 1068 1332 107 1078 1344 1063 1318 737 782 640 821 1442 1180 944 287 298 610 1249 561 83 203 673 259 828 1283 1240 447 456 1118 515 246 558 1217 1223 92 580 1427 1549 796 483 1568 854 1037 294 1200 701 1280 472 25 431 541 783 892 1562 260 883 830 289 9 495 108 114 1293 424 832 477 140 1126 1048 143 577 500 211 1006 55 1295 595 1254 1275 1462 1274 637 309 994 304 1112 1533 1543 753 281 150 960 846 454 608 1193 1578 1532 740 426 694 1304 918 1125 1141 159 738 410 1590 1064 1016 1031 881 190 253 499 1418 1096 1267 1479 672 1237 273 887 1114 871 67 1000 1069 574 1571 1463 951 1008 1079 157 1169 1028 411 1055 1313 199 963 1383 801 878 1011 1306 1425 163 1343 156 735 597 1474 803 453 1158 154 194 1181 1282 469 470 397 1468 212 699 943 725 196 978 875 302 59 164 1095 765 494 1205 1519 172 1527 636 215 1116 972 518 1574 602 806 582 1531 647 1077 487 507 1416 1089 1299 995 1208 1346 567 71 1046 693 569 877 856 308 586 790 638 961 1289 1569 216 44 814 409 1358 517 1164 512 1501 86 1117 237 1262 1290 614 1455 882 1316 1092 1291 903 422 1115 1565 61 112 225 1406 1423 793 1589 398 677 589 113 1286 84 1074 950 1596 85 303 1253 425 1093 1544 1373 704 780 1020 1563 357 1001 867 835 78 901 826 779 868 376 63 1496 393 584 99 601 907 818 863 58 116 1476 6 207 1573 635 367 120 301 896