5
23
1
2 1 2 1
2 1 3 1
2 1 4 2
3 1 1 2 1 8
3 1 2 1 1 7
3 1 3 2 1 6
3 1 4 1 1 5
4 1 2
3 1 5 3 3 5
3 1 6 3 5 5
4 1 6
4 1 6
4 5 5
3 1 7 3 1 50
3 1 8 3 1 50
3 1 9 3 1 50
4 2 8
2 2 5 3
4 1 8
2 1 6 3
3 48 10 6 1 10
4 2 9
50
1
2 2 2 1
2 3 3 1
3 3 1 1 8 91
3 1 2 1 3 14
3 2 3 1 2 94
4 1 1
3 6 4 2 6 42
3 1 5 1 3 31
3 4 6 1 4 29
4 3 5
3 4 7 1 3 24
3 6 8 1 1 78
4 1 1
3 5 9 1 4 78
3 3 10 2 1 56
3 7 11 1 9 56
4 7 10
4 3 8
3 1 12 2 1 80
3 4 13 1 7 15
2 6 4 2
4 5 4
3 2 14 3 9 3
3 6 15 2 2 54
4 6 6
4 9 3
4 1 9
4 8 2
3 6 16 2 6 98
3 1 17 2 3 66
4 8 9
3 5 18 1 9 12
3 5 19 3 2 87
3 6 20 1 5 48
2 5 5 3
3 4 21 3 1 31
3 7 22 2 9 37
3 8 23 4 8 7
3 5 24 4 8 78
3 1 25 1 9 4
3 1 26 4 7 58
4 9 13
3 2 27 1 1 37
2 9 6 4
3 7 28 5 8 87
4 5 12
3 5 29 2 9 42
4 8 15
4 9 10
100
1
2 2 2 1
2 2 3 1
3 6 1 2 1 36
4 1 1
3 9 2 2 4 11
3 6 3 1 9 65
3 4 4 2 9 46
3 9 5 1 7 63
3 6 6 1 5 51
3 6 7 2 7 4
3 6 8 1 1 63
4 4 5
4 3 7
4 8 5
4 4 7
3 2 9 2 2 5
3 1 10 1 4 62
2 5 4 1
4 5 1
3 9 11 1 3 12
3 8 12 3 9 72
4 9 8
3 7 13 1 6 30
3 8 14 3 9 6
3 3 15 3 7 20
3 5 16 2 8 7
3 6 17 2 4 51
3 8 18 1 2 30
3 8 19 3 5 64
4 9 16
3 1 20 3 7 1
4 7 13
3 3 21 2 5 67
3 5 22 3 8 10
3 7 23 3 2 7
3 8 24 1 2 2
3 2 25 3 2 68
3 2 26 3 2 89
2 5 5 3
2 9 6 2
4 8 19
3 7 27 2 7 58
3 8 28 4 9 31
4 2 10
3 7 29 5 4 23
3 8 30 1 1 88
3 4 31 3 7 77
3 9 32 5 2 10
3 3 33 1 4 99
3 1 34 3 7 77
3 6 35 5 9 49
3 5 36 5 7 90
3 3 37 2 8 21
3 4 38 1 4 70
3 4 39 1 4 70
4 9 12
3 7 40 3 5 50
2 8 7 4
2 2 8 5
3 6 41 3 8 72
3 8 42 6 4 7
3 8 43 5 4 95
2 5 9 4
4 6 2
3 5 44 4 8 10
3 7 45 8 6 15
3 2 46 8 7 82
3 5 47 1 5 37
4 1 1
4 1 45
3 1 48 3 2 80
3 2 49 7 8 38
3 5 50 6 5 75
3 9 51 3 9 85
3 5 52 2 4 62
3 9 53 2 4 59
3 3 54 3 5 47
3 8 55 5 7 14
3 1 56 3 4 63
3 4 57 7 9 50
3 9 58 6 8 53
4 2 30
3 4 59 7 9 41
4 2 22
3 2 60 4 3 31
3 9 61 8 3 93
4 6 48
4 1 14
3 9 62 8 2 2
3 3 63 1 5 82
3 3 64 1 8 57
3 8 65 4 6 8
3 6 66 6 2 55
3 9 67 3 8 54
4 5 8
3 9 68 3 2 49
3 5 69 5 1 17
3 3 70 4 7 67
4 4 69
500
1
2 1 2 1
2 6 3 1
3 5 1 2 82 105
3 6 2 1 90 293
3 8 3 1 55 127
3 5 4 2 99 70
3 4 5 2 16 4
3 3 6 1 38 460
3 9 7 2 96 347
4 7 5
3 4 8 1 75 328
3 1 9 1 74 490
3 4 10 1 44 182
3 8 11 2 16 468
3 6 12 1 37 449
3 8 13 2 67 326
3 2 14 1 9 270
3 3 15 2 56 453
3 8 16 2 98 424
3 7 17 2 17 410
3 1 18 1 54 212
3 6 19 2 90 421
4 3 12
3 8 20 2 10 402
3 1 21 2 19 202
3 6 22 1 4 137
3 1 23 2 15 150
3 3 24 2 98 495
3 7 25 1 19 452
3 9 26 2 97 302
3 8 27 2 43 243
3 9 28 1 26 410
3 6 29 1 6 340
4 8 16
3 2 30 1 98 223
3 8 31 1 43 168
3 7 32 2 26 267
3 3 33 2 23 87
3 5 34 2 15 294
3 6 35 1 78 426
4 3 27
3 8 36 2 62 316
3 9 37 1 18 144
3 6 38 2 20 148
4 6 11
3 1 39 1 70 319
3 4 40 2 85 499
3 5 41 1 20 371
3 4 42 1 24 470
3 6 43 1 71 60
3 8 44 1 42 243
3 1 45 1 92 239
3 8 46 1 9 74
3 4 47 1 92 193
3 7 48 2 13 325
3 5 49 2 16 255
3 1 50 2 89 204
3 8 51 2 17 171
3 4 52 2 17 175
3 6 53 2 69 372
3 8 54 2 82 405
3 2 55 1 78 257
4 5 53
3 2 56 2 79 15
3 4 57 2 64 49
3 1 58 2 14 330
3 6 59 2 63 38
3 9 60 2 64 255
3 5 61 1 12 41
3 4 62 1 86 413
3 8 63 2 73 306
3 3 64 2 4 118
3 7 65 1 17 479
2 4 4 1
4 6 18
3 2 66 1 82 105
3 6 67 2 68 407
2 8 5 3
3 7 68 3 25 95
3 6 69 2 53 229
3 8 70 4 93 287
3 2 71 3 11 19
3 5 72 4 4 417
3 3 73 2 45 167
3 3 74 1 72 200
3 1 75 4 56 90
3 8 76 4 96 430
3 9 77 2 5 49
3 9 78 4 59 305
3 6 79 3 17 117
3 9 80 4 23 213
4 2 73
3 6 81 2 79 27
3 7 82 3 32 53
3 9 83 2 16 235
3 1 84 1 93 199
3 3 85 4 73 193
3 9 86 2 83 236
3 4 87 3 38 449
3 2 88 4 20 119
3 7 89 3 39 172
3 4 90 2 99 141
3 4 91 2 96 463
3 4 92 2 53 5
3 7 93 3 88 214
3 8 94 4 13 249
3 7 95 3 55 137
3 4 96 4 61 499
3 1 97 2 30 109
3 5 98 3 73 279
3 4 99 4 70 426
3 4 100 4 66 24
3 5 101 2 84 401
3 4 102 1 15 211
3 4 103 4 45 224
3 7 104 4 44 272
3 4 105 4 60 299
3 9 106 1 5 212
4 7 103
3 7 107 2 90 44
3 3 108 4 9 129
3 1 109 4 88 74
3 1 110 3 49 297
4 3 43
3 7 111 4 95 314
2 2 6 4
4 1 2
3 4 112 4 30 207
3 8 113 2 67 205
3 3 114 3 58 218
3 3 115 5 13 216
3 2 116 2 44 153
3 8 117 5 71 30
3 9 118 1 14 7
4 6 75
3 2 119 4 49 328
4 8 7
3 9 120 2 11 432
3 5 121 3 60 470
4 8 116
4 9 9
3 5 122 3 85 282
3 7 123 5 5 404
3 4 124 1 62 157
3 2 125 5 21 191
3 2 126 3 87 174
4 7 95
3 7 127 2 52 339
3 6 128 1 47 241
3 1 129 1 63 391
3 1 130 5 81 445
3 2 131 1 56 71
3 3 132 2 50 53
3 9 133 1 8 235
3 9 134 4 25 301
3 4 135 2 91 231
4 8 92
3 9 136 3 47 227
3 1 137 4 75 197
3 9 138 4 53 203
3 6 139 4 61 180
4 5 68
3 8 140 1 91 125
4 6 28
3 4 141 2 78 489
4 8 103
3 4 142 3 70 220
3 8 143 4 3 381
3 6 144 4 19 341
3 7 145 5 7 396
3 3 146 5 21 386
4 8 142
4 6 127
3 9 147 4 39 240
3 2 148 1 5 259
4 3 42
3 5 149 5 29 254
3 1 150 1 69 401
4 5 131
3 2 151 1 78 328
3 7 152 2 99 319
3 1 153 2 58 158
3 4 154 2 46 56
3 8 155 2 50 137
3 5 156 5 11 173
2 6 7 5
4 4 77
3 6 157 4 7 15
3 9 158 5 31 106
3 6 159 4 35 54
3 9 160 2 79 156
3 2 161 1 87 276
3 2 162 4 80 488
3 1 163 1 49 287
3 3 164 6 13 265
3 7 165 3 63 32
3 4 166 2 70 198
3 2 167 3 57 436
3 4 168 4 90 24
4 8 123
3 3 169 3 44 416
3 7 170 3 61 233
3 8 171 3 96 273
3 6 172 6 62 254
3 9 173 6 92 150
3 9 174 6 20 361
3 9 175 2 31 154
3 5 176 2 55 31
3 9 177 5 71 431
3 6 178 5 76 233
3 1 179 1 66 429
3 5 180 1 78 123
3 3 181 5 19 235
3 9 182 4 93 195
3 7 183 3 7 410
3 7 184 6 17 303
3 5 185 5 13 57
3 2 186 6 71 50
2 7 8 3
3 8 187 5 4 15
3 6 188 1 78 95
3 4 189 1 67 163
3 5 190 2 87 87
4 3 74
3 9 191 4 68 314
3 3 192 4 57 168
3 6 193 1 38 397
3 7 194 6 36 99
3 6 195 2 51 483
3 8 196 2 43 279
3 4 197 1 53 53
3 4 198 7 61 8
3 6 199 2 18 45
3 5 200 6 90 197
3 7 201 7 82 274
3 2 202 7 90 270
2 5 9 2
3 7 203 3 67 40
3 7 204 6 98 422
3 3 205 6 52 300
3 4 206 6 27 142
3 3 207 6 96 250
3 3 208 5 65 158
4 1 65
3 3 209 7 32 21
3 3 210 3 49 57
3 8 211 8 32 202
3 5 212 8 53 14
3 5 213 4 46 485
4 5 78
3 6 214 2 1 413
3 1 215 7 68 185
3 5 216 4 91 453
3 2 217 6 12 306
3 5 218 2 66 161
3 4 219 2 35 363
3 5 220 1 69 437
3 2 221 7 94 196
3 7 222 7 86 326
4 8 183
3 4 223 4 83 200
3 3 224 1 95 181
3 5 225 3 14 117
4 9 78
3 6 226 4 71 395
3 1 227 7 43 144
3 2 228 1 50 317
3 7 229 4 56 63
3 7 230 1 7 79
3 5 231 2 80 91
3 6 232 7 25 29
3 1 233 3 84 116
3 4 234 5 60 231
3 7 235 3 48 340
3 2 236 2 60 262
3 6 237 2 9 334
3 2 238 3 16 304
3 4 239 7 11 313
3 2 240 2 14 8
3 6 241 2 43 487
3 8 242 1 13 466
3 8 243 8 71 43
3 4 244 7 4 119
3 5 245 5 26 458
3 3 246 1 70 155
3 7 247 1 33 242
3 3 248 7 65 107
3 9 249 8 65 278
3 3 250 2 34 373
3 2 251 7 61 52
4 8 192
3 5 252 2 84 151
3 8 253 4 52 370
3 6 254 3 49 370
3 3 255 2 14 290
3 3 256 8 81 477
3 5 257 6 10 194
3 6 258 3 20 480
3 6 259 8 58 212
3 3 260 5 63 402
3 2 261 8 77 265
3 4 262 1 46 26
3 4 263 1 75 118
4 9 60
3 2 264 6 27 426
3 8 265 1 96 228
3 1 266 1 45 338
3 1 267 7 84 468
2 9 10 1
3 4 268 1 3 472
3 8 269 6 49 487
3 1 270 6 60 169
3 8 271 4 48 249
3 9 272 9 80 145
3 3 273 4 79 353
3 8 274 8 88 466
3 1 275 9 74 168
3 1 276 9 73 95
3 1 277 2 92 215
3 9 278 2 35 112
3 1 279 1 84 148
3 7 280 5 82 87
3 8 281 8 76 107
3 7 282 2 43 470
3 6 283 4 29 218
3 2 284 6 67 2
3 4 285 3 47 134
2 4 11 5
3 2 286 6 98 221
3 7 287 2 19 258
3 8 288 5 14 62
3 2 289 7 30 12
3 1 290 9 50 332
3 2 291 7 46 227
3 7 292 7 23 22
3 5 293 4 3 416
3 1 294 6 7 231
3 6 295 10 54 496
3 5 296 2 32 13
3 7 297 3 20 277
3 1 298 10 90 187
3 7 299 4 23 188
3 1 300 7 37 296
3 7 301 6 85 77
3 6 302 6 80 459
3 7 303 9 73 130
3 6 304 9 3 480
3 9 305 6 45 332
3 3 306 7 76 12
3 4 307 1 12 372
4 8 7
3 6 308 10 82 492
3 6 309 3 32 447
3 1 310 4 2 343
3 4 311 6 78 13
3 6 312 9 46 333
3 8 313 1 68 39
3 5 314 9 47 139
3 3 315 5 48 275
3 7 316 6 60 156
3 9 317 4 95 269
3 7 318 9 18 411
3 5 319 8 9 210
3 7 320 9 14 318
3 9 321 10 81 92
4 3 23
3 1 322 4 45 299
3 4 323 6 25 4
3 9 324 7 71 320
3 7 325 9 55 384
4 1 8
2 1 12 9
3 4 326 5 98 491
3 2 327 6 74 167
4 7 76
3 7 328 1 87 229
3 4 329 11 68 349
3 7 330 9 92 36
3 5 331 5 58 272
4 3 302
3 6 332 6 18 153
4 1 110
3 5 333 4 28 410
3 2 334 9 49 16
3 8 335 11 72 175
3 8 336 1 29 71
3 6 337 5 63 305
3 4 338 6 92 20
3 6 339 8 52 138
3 4 340 10 81 183
3 9 341 1 38 4
3 5 342 2 54 116
3 7 343 9 81 227
4 4 27
3 9 344 9 94 209
4 6 217
4 1 91
2 2 13 9
3 3 345 11 47 386
3 9 346 9 43 75
3 8 347 11 88 199
3 5 348 2 86 459
4 5 126
3 2 349 7 29 154
3 9 350 3 37 120
3 4 351 1 69 135
3 5 352 11 90 181
2 2 14 11
3 6 353 2 97 165
4 9 282
3 2 354 7 91 102
3 5 355 4 40 159
3 1 356 6 21 256
3 7 357 12 1 274
3 2 358 2 4 72
2 9 15 6
4 6 229
3 4 359 13 90 495
3 5 360 4 12 385
3 5 361 7 24 164
3 6 362 8 76 259
3 3 363 1 38 230
3 7 364 12 58 444
3 2 365 3 72 89
3 9 366 4 48 44
3 1 367 4 14 380
3 7 368 9 62 54
3 4 369 14 79 333
3 3 370 8 30 244
3 2 371 11 71 1
3 8 372 10 86 244
3 7 373 14 11 267
3 2 374 11 78 274
3 3 375 6 40 312
3 7 376 10 28 240
3 3 377 12 70 157
3 7 378 14 42 243
3 8 379 2 93 351
4 5 229
3 7 380 8 32 350
3 1 381 6 49 415
3 9 382 3 6 409
3 8 383 14 38 130
3 1 384 4 2 334
3 4 385 7 74 136
3 6 386 9 25 223
3 1 387 2 69 398
3 7 388 13 7 101
3 4 389 6 67 229
3 1 390 1 79 362
4 1 2
3 3 391 6 44 169
2 4 16 7
3 5 392 2 69 450
3 8 393 15 58 482
3 2 394 11 8 66
3 7 395 7 6 73
3 1 396 10 47 237
4 3 268
3 6 397 5 34 23
3 6 398 12 37 160
3 7 399 4 24 1
3 6 400 3 47 183
2 3 17 4
3 1 401 11 41 287
3 5 402 13 50 209
3 4 403 7 86 287
3 4 404 7 71 93
3 8 405 3 2 340
2 7 18 14
3 2 406 16 63 35
3 5 407 10 77 238
3 8 408 1 68 15
2 7 19 15
3 5 409 11 42 398
3 2 410 12 40 359
3 4 411 18 81 159
3 4 412 18 67 492
3 7 413 1 58 185
3 9 414 14 26 283
3 4 415 14 18 233
3 5 416 10 70 35
4 6 405
3 7 417 14 63 375
3 2 418 2 96 259
3 5 419 16 8 115
3 1 420 3 8 327
3 6 421 11 26 54
3 7 422 12 82 84
2 3 20 11
3 3 423 15 50 15
4 3 416
3 5 424 13 63 42
3 9 425 2 8 141
3 1 426 16 86 146
3 2 427 6 44 211
3 7 428 9 59 452
3 9 429 14 84 190
4 3 254
3000
1
2 8 2 1
2 5 3 1
3 4 1 2 269 364
3 7 2 1 441 259
3 8 3 1 196 240
3 5 4 2 167 236
4 5 1
4 7 2
3 2 5 2 187 269
3 8 6 2 395 123
3 6 7 1 45 285
3 7 8 1 454 317
3 5 9 1 31 138
3 7 10 2 205 300
3 3 11 1 360 151
4 6 1
3 7 12 1 470 138
3 7 13 1 168 317
3 6 14 1 308 207
4 6 12
4 6 5
3 2 15 1 229 299
3 3 16 1 141 492
3 9 17 2 427 207
3 3 18 2 281 53
3 3 19 1 88 20
3 3 20 2 338 420
3 4 21 2 239 294
3 1 22 2 31 419
4 4 2
3 1 23 1 261 68
3 6 24 2 109 387
3 9 25 2 419 329
3 5 26 2 174 80
3 7 27 1 326 319
3 3 28 1 360 13
3 7 29 2 136 99
4 5 9
3 4 30 1 131 1
3 1 31 2 83 306
3 7 32 2 257 245
3 6 33 2 336 399
3 6 34 1 359 257
3 5 35 1 423 290
3 5 36 1 63 156
3 8 37 1 494 319
3 8 38 1 116 275
3 2 39 1 157 312
3 9 40 1 483 174
3 5 41 1 258 155
3 5 42 2 195 439
3 8 43 1 213 122
3 2 44 1 491 282
3 7 45 1 253 435
3 7 46 2 82 66
3 8 47 2 289 385
3 1 48 2 159 483
3 4 49 1 103 266
4 3 11
3 1 50 2 213 306
3 6 51 2 182 475
3 4 52 1 452 149
3 1 53 1 478 169
3 7 54 1 495 334
3 6 55 2 361 483
3 7 56 2 48 224
3 5 57 1 89 397
3 5 58 1 105 377
3 1 59 2 206 364
4 3 38
3 1 60 1 170 355
3 2 61 2 167 214
3 1 62 1 464 72
3 5 63 1 193 126
3 9 64 1 481 188
4 3 61
3 8 65 2 271 234
3 1 66 1 290 389
3 4 67 1 299 14
3 4 68 1 9 423
3 4 69 1 181 294
3 8 70 1 412 290
3 9 71 2 5 459
3 4 72 2 102 343
3 3 73 2 349 430
3 1 74 1 260 257
3 2 75 2 496 178
3 7 76 2 432 113
3 6 77 2 210 341
3 5 78 2 208 272
3 9 79 2 420 268
3 1 80 2 143 201
3 6 81 2 425 191
3 7 82 1 495 282
3 6 83 2 56 217
3 1 84 1 284 254
3 6 85 2 290 400
4 7 54
3 4 86 2 341 381
3 4 87 2 226 113
3 5 88 2 375 152
3 3 89 2 4 219
3 1 90 1 442 459
3 9 91 2 318 82
3 6 92 1 259 478
3 3 93 2 231 115
3 5 94 1 116 11
4 4 43
3 1 95 1 487 427
3 4 96 1 346 231
3 3 97 1 262 44
3 1 98 2 351 238
3 3 99 2 188 334
3 1 100 2 476 397
3 3 101 2 266 32
3 9 102 2 78 426
3 3 103 2 72 252
3 1 104 2 111 363
3 3 105 1 452 171
3 9 106 2 358 308
3 7 107 1 103 488
3 5 108 1 211 328
3 6 109 1 240 134
3 5 110 2 209 350
3 9 111 2 438 178
2 7 4 1
4 5 79
4 5 109
3 5 112 3 270 318
3 6 113 2 495 437
3 6 114 3 21 371
3 7 115 2 297 36
3 7 116 3 355 370
2 7 5 1
3 8 117 1 337 81
3 5 118 2 233 213
3 9 119 4 262 9
3 7 120 4 56 226
3 7 121 4 63 148
3 6 122 3 1 217
4 2 99
3 8 123 2 161 110
3 4 124 1 489 408
3 2 125 4 214 356
3 2 126 2 282 162
3 7 127 3 489 400
3 2 128 1 464 495
3 3 129 4 258 49
3 4 130 2 452 285
3 1 131 1 473 349
3 9 132 3 44 334
3 2 133 2 10 160
3 9 134 1 322 421
3 7 135 1 407 255
3 9 136 3 407 89
3 7 137 4 338 43
3 3 138 3 213 128
3 8 139 4 179 36
3 4 140 1 416 7
3 6 141 3 16 415
4 8 52
3 5 142 4 220 210
4 1 105
3 5 143 2 5 377
3 2 144 3 334 268
3 2 145 4 55 311
3 8 146 1 250 471
3 1 147 3 307 493
3 5 148 1 144 368
3 6 149 2 388 36
3 6 150 2 316 35
3 3 151 4 65 73
3 4 152 1 289 120
3 6 153 3 7 178
3 7 154 1 111 244
3 3 155 4 432 95
3 9 156 4 371 446
3 7 157 1 475 454
3 6 158 4 7 155
3 6 159 4 485 204
3 4 160 2 432 445
4 5 91
3 4 161 1 171 349
3 7 162 4 2 287
4 8 81
3 5 163 4 491 249
3 5 164 2 233 30
3 9 165 3 220 106
3 7 166 2 463 354
3 8 167 4 354 452
3 9 168 2 71 184
3 7 169 4 5 21
4 1 34
3 7 170 2 296 201
2 7 6 2
3 7 171 1 369 240
4 8 70
3 7 172 1 201 446
3 8 173 4 146 363
2 7 7 1
3 7 174 6 454 448
3 8 175 6 470 195
3 4 176 6 407 381
3 5 177 2 196 464
3 1 178 4 131 433
3 1 179 1 371 163
4 1 24
3 8 180 6 130 266
3 7 181 2 61 433
3 7 182 3 245 28
4 1 176
3 2 183 1 40 145
3 1 184 5 472 440
3 8 185 5 200 416
3 3 186 6 262 467
3 1 187 3 338 240
3 4 188 2 330 110
3 9 189 6 216 72
3 7 190 1 47 420
3 2 191 4 349 136
3 1 192 6 191 108
4 6 83
3 3 193 2 250 78
3 5 194 3 206 128
3 4 195 1 342 299
3 2 196 4 49 101
3 1 197 4 317 187
3 2 198 5 393 468
3 3 199 6 343 29
4 7 161
3 4 200 2 62 59
4 7 175
3 4 201 6 185 453
3 7 202 2 69 228
3 5 203 4 445 426
3 9 204 2 102 80
3 7 205 2 53 337
3 8 206 3 78 257
3 3 207 1 366 428
3 7 208 5 21 23
3 2 209 2 374 159
4 6 103
3 9 210 2 154 158
3 2 211 3 210 134
3 8 212 1 175 78
3 1 213 6 247 307
3 4 214 4 434 295
3 1 215 2 355 87
3 3 216 4 153 496
4 4 21
3 8 217 3 78 385
3 6 218 6 14 198
3 1 219 4 469 182
3 3 220 4 306 223
3 5 221 2 116 303
3 3 222 1 267 165
3 4 223 2 112 339
3 7 224 4 101 168
3 8 225 2 217 121
3 9 226 6 128 462
3 7 227 3 402 402
3 2 228 2 94 279
3 6 229 6 434 188
3 7 230 6 102 32
3 5 231 6 314 179
3 3 232 1 278 453
3 5 233 3 378 98
3 3 234 3 290 230
3 8 235 6 23 409
3 1 236 6 186 387
3 4 237 1 380 482
3 8 238 5 484 232
3 4 239 2 442 395
4 5 14
3 3 240 3 446 227
3 2 241 4 149 472
3 6 242 5 470 312
3 6 243 1 184 175
3 6 244 2 343 498
3 9 245 4 253 353
3 1 246 4 272 37
3 8 247 6 85 62
3 9 248 5 325 217
3 9 249 3 55 396
3 9 250 6 444 164
3 7 251 1 192 56
3 9 252 4 18 460
3 4 253 3 159 377
3 7 254 6 321 189
3 5 255 1 486 346
3 3 256 1 202 74
3 2 257 4 105 373
3 4 258 5 31 237
4 4 129
3 5 259 3 350 56
3 2 260 6 245 360
3 2 261 4 145 193
2 3 8 2
3 8 262 6 349 437
4 4 229
3 5 263 4 226 174
3 4 264 7 30 50
3 8 265 3 292 136
3 4 266 3 387 255
3 5 267 1 76 257
3 5 268 3 424 18
3 4 269 4 275 401
3 6 270 6 301 80
3 6 271 5 484 413
3 1 272 4 202 323
3 2 273 4 320 217
3 7 274 1 440 284
3 3 275 3 384 440
3 4 276 7 104 441
4 7 101
3 9 277 4 79 422
3 5 278 5 184 448
3 5 279 4 97 305
3 9 280 7 324 226
3 3 281 5 18 14
3 9 282 7 119 103
4 1 205
4 9 218
3 5 283 7 432 388
3 9 284 3 157 322
3 1 285 7 398 41
3 8 286 2 134 274
3 2 287 4 92 291
3 2 288 2 231 479
3 6 289 6 278 303
3 4 290 7 382 402
3 8 291 2 20 88
3 2 292 4 250 355
3 2 293 7 424 155
3 5 294 5 421 88
3 5 295 6 242 32
3 8 296 2 468 250
3 4 297 7 275 327
3 1 298 1 477 241
3 9 299 2 494 299
3 4 300 4 392 498
4 9 212
3 5 301 6 265 302
3 9 302 2 184 432
3 2 303 6 413 455
3 7 304 7 53 133
3 9 305 1 181 130
3 2 306 7 11 46
3 4 307 3 13 27
3 2 308 3 255 414
4 9 117
3 3 309 1 484 182
3 4 310 7 15 494
3 5 311 5 137 96
3 8 312 1 469 332
4 6 66
3 6 313 6 99 335
3 7 314 4 114 427
3 4 315 1 472 287
3 8 316 1 347 122
3 5 317 4 5 108
3 4 318 1 169 368
3 3 319 7 49 153
3 1 320 3 298 259
3 8 321 2 27 9
3 4 322 5 311 349
3 2 323 6 436 363
3 8 324 2 209 283
3 1 325 1 335 275
3 8 326 7 181 399
3 6 327 7 117 272
3 4 328 7 496 181
3 8 329 2 56 384
3 3 330 2 28 379
3 2 331 7 301 227
3 6 332 4 291 14
2 2 9 3
3 6 333 4 105 404
4 3 276
3 9 334 6 242 1
3 6 335 6 119 480
3 3 336 1 109 131
3 1 337 7 228 31
3 3 338 4 112 81
3 8 339 2 335 438
3 5 340 1 88 252
3 5 341 4 322 160
3 2 342 7 164 318
3 2 343 7 30 172
3 4 344 2 392 481
3 8 345 5 148 83
3 6 346 5 87 364
3 6 347 8 391 30
3 1 348 7 496 486
3 3 349 8 134 231
4 2 28
3 5 350 8 296 376
3 3 351 2 389 147
3 2 352 4 16 118
3 6 353 7 386 76
3 5 354 2 188 29
3 7 355 6 424 65
4 7 212
3 9 356 8 59 376
3 5 357 7 201 66
3 4 358 3 419 46
3 5 359 3 91 39
3 9 360 3 195 235
3 4 361 4 270 1
3 3 362 4 331 385
4 2 7
2 9 10 5
3 6 363 1 496 240
3 2 364 7 207 423
3 1 365 3 56 329
3 3 366 6 195 476
3 6 367 4 360 93
3 7 368 6 390 410
3 1 369 4 448 279
3 2 370 5 471 174
3 4 371 4 475 275
4 7 291
3 2 372 4 1 189
3 7 373 4 302 310
3 9 374 3 382 431
3 5 375 6 102 353
3 6 376 8 322 367
3 6 377 2 351 338
3 1 378 5 329 389
3 4 379 6 375 48
3 5 380 7 76 356
3 9 381 7 76 213
3 3 382 8 322 223
3 1 383 3 313 63
3 3 384 5 248 157
3 5 385 2 19 224
3 2 386 8 163 386
3 5 387 6 126 425
4 6 176
3 6 388 6 115 477
3 6 389 6 126 427
3 5 390 2 222 478
3 8 391 4 67 359
3 8 392 1 143 481
3 7 393 6 168 48
3 7 394 7 85 244
3 3 395 6 9 130
3 6 396 9 439 437
3 1 397 3 361 423
3 1 398 9 404 112
3 7 399 6 269 456
3 3 400 8 73 64
3 2 401 2 201 270
3 3 402 6 486 451
3 3 403 9 297 172
3 4 404 3 399 251
3 4 405 1 120 350
3 8 406 1 411 337
3 1 407 7 457 169
3 7 408 2 195 102
3 4 409 9 374 211
3 3 410 8 253 327
3 8 411 7 411 401
3 2 412 7 405 9
3 1 413 2 466 179
3 1 414 4 141 218
4 6 229
3 8 415 3 32 96
3 5 416 1 457 376
3 8 417 9 14 407
4 1 186
3 7 418 2 82 165
4 4 408
3 3 419 4 330 489
3 9 420 3 49 215
3 7 421 5 263 170
3 6 422 9 485 442
3 3 423 8 140 442
3 8 424 3 117 354
3 7 425 1 173 206
3 7 426 1 354 55
3 4 427 7 421 151
3 7 428 1 297 273
3 6 429 5 238 56
3 1 430 3 224 31
3 6 431 9 231 177
3 9 432 6 238 192
3 3 433 6 91 232
3 3 434 3 275 359
3 9 435 2 386 158
3 6 436 1 453 219
3 2 437 9 27 297
3 8 438 7 35 289
3 4 439 3 101 473
4 5 185
3 6 440 4 383 185
3 4 441 1 192 254
3 1 442 4 363 151
3 2 443 1 444 254
3 6 444 4 165 146
3 1 445 5 239 23
3 4 446 1 137 33
3 4 447 4 22 456
3 7 448 6 364 435
3 2 449 8 225 177
3 6 450 5 67 491
3 3 451 8 22 277
3 1 452 3 408 33
3 2 453 3 385 480
3 1 454 8 53 114
3 3 455 7 349 112
4 6 417
3 8 456 7 52 392
3 7 457 3 401 412
4 6 416
3 9 458 9 156 151
3 1 459 9 295 29
3 1 460 3 466 33
3 2 461 2 197 89
3 8 462 6 168 399
3 3 463 3 85 307
3 4 464 6 471 285
3 7 465 3 110 174
4 2 55
3 7 466 2 81 135
3 9 467 6 79 385
3 3 468 8 400 339
3 6 469 8 397 88
3 5 470 3 129 66
3 2 471 1 393 211
3 6 472 1 323 452
3 2 473 6 357 304
3 3 474 1 348 69
3 7 475 7 118 92
3 4 476 1 7 283
3 9 477 2 441 458
3 7 478 4 450 445
3 6 479 6 56 27
3 4 480 5 97 68
3 7 481 7 174 422
3 3 482 4 99 133
3 4 483 3 277 104
3 4 484 2 474 242
3 1 485 1 288 292
3 8 486 1 477 141
3 2 487 9 40 287
3 6 488 6 256 211
3 5 489 8 465 32
4 9 82
3 7 490 5 192 74
3 4 491 6 437 132
3 3 492 5 331 490
3 4 493 5 172 388
3 8 494 5 291 128
3 3 495 1 351 85
3 3 496 4 48 54
4 3 389
3 6 497 4 261 460
3 9 498 2 377 490
3 1 499 3 53 69
3 5 500 3 469 185
3 2 501 1 389 361
3 3 502 6 254 413
3 8 503 3 493 233
3 1 504 2 194 346
3 2 505 7 499 24
3 7 506 5 257 282
3 9 507 9 21 1
3 1 508 5 207 63
3 9 509 9 466 161
3 8 510 3 158 293
3 2 511 4 234 329
3 6 512 7 263 364
3 3 513 3 70 1
3 6 514 2 266 317
3 7 515 5 60 64
3 1 516 2 329 90
3 8 517 6 408 394
4 7 304
3 7 518 1 106 234
3 1 519 3 37 342
4 3 69
4 4 382
3 3 520 2 310 431
3 9 521 1 497 98
3 9 522 4 223 407
4 8 390
3 8 523 8 194 136
4 9 226
4 5 153
3 9 524 5 160 147
3 3 525 4 67 481
3 1 526 1 65 463
3 4 527 8 252 64
3 6 528 4 127 367
3 8 529 5 474 90
3 4 530 8 309 280
3 5 531 4 447 326
3 4 532 6 17 247
3 6 533 5 137 120
3 7 534 2 380 118
3 7 535 6 15 399
3 5 536 5 367 294
3 4 537 5 275 418
4 2 78
3 2 538 5 153 31
3 4 539 7 24 456
3 8 540 6 191 76
3 8 541 7 102 387
3 5 542 5 333 262
3 8 543 7 23 7
3 3 544 2 68 231
3 8 545 9 203 221
4 4 397
3 8 546 1 433 356
3 6 547 1 310 182
4 5 399
3 1 548 5 134 9
3 6 549 7 270 378
3 4 550 5 425 241
3 8 551 4 87 235
3 3 552 9 309 177
3 8 553 6 66 41
3 3 554 2 406 47
3 9 555 3 39 248
3 8 556 1 405 461
3 6 557 2 232 386
3 4 558 9 125 169
4 3 173
3 2 559 5 387 61
3 5 560 6 70 446
4 4 539
3 4 561 9 459 312
3 2 562 4 49 113
3 3 563 3 236 471
3 1 564 7 221 221
3 9 565 4 428 4
2 2 11 3
3 8 566 6 50 446
3 6 567 9 1 223
3 4 568 7 448 373
4 8 284
3 9 569 6 485 427
3 3 570 8 30 199
3 2 571 8 360 109
3 9 572 3 165 84
3 7 573 10 95 10
3 7 574 2 250 359
3 3 575 2 138 240
4 4 221
3 2 576 10 382 295
3 6 577 10 403 390
3 4 578 1 232 178
4 8 321
3 3 579 1 216 1
3 4 580 5 481 196
3 6 581 1 373 298
3 9 582 3 281 471
4 6 193
3 4 583 9 118 327
3 7 584 6 205 6
3 8 585 6 239 379
3 2 586 7 312 91
3 2 587 8 420 403
2 9 12 2
3 3 588 5 402 363
3 2 589 10 88 486
3 5 590 10 424 484
3 7 591 4 112 131
3 2 592 5 290 6
3 1 593 8 284 313
3 8 594 6 223 232
3 4 595 8 494 322
3 2 596 3 448 454
3 2 597 11 307 45
3 4 598 11 53 421
3 9 599 9 128 121
3 6 600 11 171 481
3 9 601 11 309 171
3 9 602 9 385 56
3 1 603 2 2 143
3 7 604 6 414 189
4 7 187
3 3 605 6 169 495
3 7 606 7 279 20
3 3 607 4 388 143
3 4 608 9 229 72
3 9 609 5 378 482
3 8 610 3 319 498
3 7 611 4 378 142
3 7 612 2 154 328
3 6 613 5 71 499
3 2 614 6 307 135
3 5 615 9 94 98
3 3 616 1 258 5
4 3 358
3 7 617 4 256 213
3 8 618 8 50 457
3 2 619 6 60 21
3 5 620 7 102 14
3 4 621 1 222 278
3 9 622 1 102 191
3 8 623 3 16 263
3 1 624 2 63 435
3 6 625 6 233 317
3 4 626 1 284 394
3 6 627 5 248 442
3 2 628 1 197 457
3 6 629 3 86 9
3 6 630 11 228 54
3 3 631 6 469 106
3 7 632 6 442 425
3 8 633 5 62 401
3 5 634 8 53 68
4 9 266
3 8 635 10 408 396
3 2 636 7 2 151
3 3 637 10 436 98
3 9 638 10 480 338
3 5 639 10 475 205
4 7 219
3 2 640 6 253 412
3 3 641 9 315 259
3 2 642 4 260 342
3 9 643 10 329 290
3 3 644 8 129 74
3 2 645 8 178 204
4 6 518
3 5 646 1 487 106
4 7 44
3 3 647 1 84 488
3 7 648 2 129 226
3 1 649 7 426 17
4 8 265
3 1 650 4 54 449
3 4 651 7 91 231
3 5 652 9 160 320
3 8 653 7 19 101
3 1 654 2 52 398
3 5 655 11 125 124
3 2 656 2 337 288
3 3 657 8 180 87
3 6 658 4 209 73
3 8 659 7 323 29
3 7 660 5 220 71
3 8 661 11 248 351
3 8 662 1 57 468
3 6 663 8 397 317
3 6 664 9 289 107
3 6 665 9 153 320
3 9 666 7 474 221
3 9 667 6 158 361
3 6 668 9 31 369
3 7 669 11 446 80
3 9 670 7 183 380
3 7 671 8 283 249
3 1 672 9 9 400
3 2 673 8 145 313
3 4 674 3 214 9
3 8 675 7 133 446
3 4 676 9 333 52
3 9 677 7 70 39
3 7 678 3 57 294
3 3 679 11 207 358
3 5 680 4 420 162
3 3 681 9 76 238
3 1 682 5 413 267
3 3 683 9 381 177
3 5 684 1 49 167
3 6 685 6 82 474
3 1 686 1 298 205
3 6 687 7 254 226
4 8 384
3 4 688 3 209 118
3 6 689 11 350 437
3 8 690 6 236 349
3 7 691 9 120 375
3 5 692 4 368 94
3 4 693 1 321 188
3 5 694 9 199 390
3 6 695 7 244 162
3 5 696 10 255 223
3 1 697 5 134 106
3 2 698 4 453 210
3 1 699 2 199 108
3 2 700 7 432 495
3 4 701 7 297 387
3 9 702 1 106 230
3 4 703 8 280 228
3 2 704 1 144 226
3 5 705 6 250 264
3 2 706 3 82 191
3 9 707 6 113 419
3 4 708 1 225 447
3 5 709 7 295 143
3 9 710 9 169 118
3 8 711 9 348 469
3 1 712 9 443 176
3 8 713 7 220 231
3 9 714 8 467 387
4 1 544
3 5 715 11 359 452
3 3 716 5 1 49
3 9 717 4 394 277
3 1 718 8 129 383
3 4 719 7 25 107
3 5 720 4 464 275
3 5 721 1 334 7
3 9 722 11 457 92
3 5 723 2 137 394
3 6 724 6 219 246
3 6 725 5 127 428
3 6 726 8 68 211
3 9 727 3 217 39
3 9 728 11 114 286
3 1 729 10 459 57
3 2 730 3 143 331
3 6 731 7 468 137
3 7 732 4 254 311
4 1 704
3 3 733 5 392 326
3 4 734 8 18 456
3 6 735 3 163 374
3 6 736 8 104 257
4 8 181
3 8 737 10 84 257
3 8 738 9 31 381
4 5 610
3 2 739 5 108 1
3 6 740 9 467 123
3 1 741 2 109 419
3 1 742 6 414 149
3 1 743 4 414 192
3 2 744 11 23 421
3 1 745 11 71 251
4 5 28
3 8 746 9 476 222
3 5 747 8 453 245
3 2 748 1 50 60
3 6 749 2 228 90
3 6 750 10 417 138
3 1 751 9 81 19
3 1 752 3 485 454
3 1 753 11 138 262
3 5 754 7 493 399
3 7 755 7 163 160
3 9 756 5 138 129
4 2 289
3 1 757 8 302 50
3 2 758 11 292 54
3 8 759 5 5 70
3 4 760 9 495 114
3 3 761 3 481 86
3 7 762 10 61 443
3 3 763 10 176 483
3 7 764 11 290 458
3 4 765 1 459 194
3 2 766 3 278 110
3 9 767 9 56 6
3 5 768 6 466 31
3 2 769 3 112 454
3 8 770 10 495 107
3 3 771 5 218 402
3 1 772 4 293 45
3 1 773 10 439 309
3 9 774 2 474 216
3 9 775 10 272 229
3 4 776 1 494 292
3 3 777 8 195 318
3 6 778 10 461 435
3 1 779 7 175 346
3 6 780 3 252 193
4 9 516
3 3 781 2 435 95
3 8 782 11 482 77
3 3 783 1 191 65
3 8 784 11 202 295
3 6 785 3 391 460
3 8 786 4 430 334
3 5 787 2 328 226
4 9 193
3 2 788 11 10 389
3 3 789 4 305 294
3 4 790 10 492 185
4 5 135
3 1 791 10 449 401
3 3 792 8 470 473
3 7 793 6 73 95
3 8 794 2 29 418
3 6 795 7 53 8
3 8 796 2 69 2
3 1 797 8 489 321
3 5 798 10 413 139
3 7 799 1 251 417
3 5 800 2 72 168
4 8 144
2 9 13 3
3 7 801 9 427 465
2 8 14 8
3 2 802 3 251 371
3 2 803 2 121 8
3 6 804 2 101 225
3 4 805 8 289 342
3 8 806 13 87 108
3 4 807 12 126 7
3 6 808 1 291 120
3 1 809 8 19 265
3 2 810 2 261 266
3 5 811 5 363 374
2 6 15 10
3 2 812 12 232 27
3 4 813 1 484 13
3 3 814 12 276 484
3 7 815 13 454 114
3 2 816 4 393 140
3 9 817 10 57 306
3 9 818 7 498 486
3 4 819 14 229 464
2 8 16 8
3 1 820 7 366 270
3 7 821 1 414 482
3 8 822 8 495 185
3 2 823 9 25 276
3 9 824 8 170 135
4 7 403
3 8 825 1 98 6
3 3 826 10 226 82
3 9 827 10 303 230
3 4 828 12 459 34
4 5 772
4 5 660
3 9 829 10 93 237
3 8 830 3 225 384
4 5 520
3 4 831 1 458 473
3 6 832 15 51 347
3 2 833 11 258 278
3 5 834 1 133 46
3 1 835 11 440 150
3 4 836 8 330 489
4 4 572
4 7 457
3 9 837 8 325 382
3 1 838 5 150 402
3 2 839 4 275 473
3 5 840 14 272 132
4 5 539
3 5 841 15 79 177
3 5 842 13 390 292
3 2 843 1 10 219
4 3 402
3 4 844 2 349 319
3 1 845 13 327 84
3 5 846 1 323 29
3 5 847 8 76 24
3 9 848 11 156 350
3 4 849 5 436 38
3 4 850 8 272 451
3 2 851 6 131 258
3 6 852 9 447 387
4 1 3
3 1 853 9 84 328
3 7 854 1 203 280
3 2 855 5 47 353
3 3 856 14 338 431
3 9 857 15 290 371
3 2 858 7 418 272
3 4 859 2 333 437
3 3 860 4 104 124
3 9 861 9 465 234
3 7 862 7 171 174
3 7 863 1 71 478
3 8 864 10 65 428
3 5 865 10 381 457
3 1 866 1 247 265
3 9 867 6 338 81
3 8 868 11 428 397
3 1 869 8 322 483
4 7 522
3 1 870 6 112 478
3 2 871 13 199 134
3 8 872 5 270 124
3 1 873 9 420 155
3 7 874 6 105 218
3 7 875 1 114 143
3 5 876 4 379 420
4 6 661
3 4 877 5 419 189
3 8 878 14 294 116
3 4 879 5 444 491
3 5 880 4 439 313
3 8 881 10 142 106
3 5 882 7 223 60
3 8 883 15 163 242
3 9 884 1 380 260
3 8 885 4 386 256
3 3 886 6 379 316
3 8 887 12 437 478
3 6 888 4 275 197
3 1 889 2 409 121
3 6 890 7 415 222
3 7 891 9 366 421
3 6 892 3 127 183
3 8 893 10 364 180
3 1 894 14 153 58
4 7 127
3 3 895 1 96 213
4 6 794
3 2 896 2 6 431
3 4 897 11 4 425
3 8 898 10 289 346
3 7 899 9 187 184
3 4 900 12 222 389
3 6 901 13 449 169
3 2 902 2 239 422
3 4 903 2 263 470
3 9 904 12 52 152
3 4 905 7 190 251
3 3 906 5 294 468
3 1 907 9 207 305
3 5 908 9 186 365
3 3 909 2 1 369
3 9 910 7 371 132
3 9 911 4 473 217
3 8 912 12 239 55
3 4 913 3 30 292
3 8 914 12 488 8
3 4 915 3 205 145
3 9 916 15 185 260
3 3 917 8 110 175
3 6 918 5 226 436
4 9 821
4 4 874
3 2 919 9 213 4
3 4 920 15 66 100
2 5 17 5
3 5 921 10 184 416
4 6 699
3 9 922 12 192 268
3 5 923 13 443 195
3 4 924 1 71 197
3 4 925 15 373 364
4 8 558
3 8 926 13 334 7
3 2 927 14 308 291
3 5 928 9 26 366
3 1 929 7 106 468
3 3 930 13 484 65
4 2 333
3 4 931 7 164 231
3 6 932 8 164 33
4 4 91
3 6 933 15 193 455
3 6 934 14 174 364
3 3 935 6 405 29
3 1 936 6 296 6
3 4 937 3 344 86
3 8 938 6 489 349
3 7 939 2 109 99
3 1 940 9 423 22
3 5 941 9 292 126
3 3 942 2 445 453
3 5 943 7 493 445
3 1 944 15 161 435
4 6 575
3 8 945 5 43 51
3 2 946 14 260 319
3 5 947 5 241 124
4 8 793
3 1 948 12 204 86
3 9 949 4 473 68
3 6 950 3 74 330
3 8 951 8 11 457
3 2 952 3 474 53
3 3 953 14 157 417
3 4 954 1 222 373
4 1 54
3 3 955 13 81 414
3 1 956 1 253 93
3 8 957 10 253 435
3 6 958 6 191 206
3 2 959 1 479 265
3 9 960 4 123 349
3 6 961 6 282 129
3 5 962 4 445 67
3 7 963 14 228 52
3 2 964 2 46 47
3 8 965 13 19 102
2 9 18 4
3 1 966 9 409 151
3 1 967 17 446 442
3 7 968 14 379 467
3 3 969 4 238 472
3 6 970 14 437 403
3 9 971 10 32 184
3 5 972 9 452 140
3 9 973 1 167 40
3 5 974 3 399 373
3 8 975 14 322 492
3 1 976 13 442 474
3 8 977 4 481 34
3 3 978 9 208 360
3 1 979 12 368 266
3 7 980 14 195 264
3 5 981 4 30 131
3 4 982 6 62 411
3 6 983 8 321 471
4 3 584
3 8 984 13 85 120
3 4 985 13 165 51
3 6 986 9 182 434
3 5 987 3 389 138
3 8 988 13 313 237
3 8 989 3 104 221
3 2 990 4 394 37
3 8 991 14 61 463
3 2 992 6 141 87
3 5 993 7 165 421
3 6 994 14 279 300
3 8 995 4 57 301
3 9 996 17 290 389
3 3 997 11 487 312
4 5 591
3 1 998 17 208 148
3 7 999 8 497 240
3 6 1000 11 460 134
3 2 1001 11 492 455
3 5 1002 12 106 375
3 9 1003 5 248 186
3 3 1004 15 435 414
3 5 1005 1 303 397
3 6 1006 6 259 493
3 9 1007 1 102 393
3 2 1008 8 337 305
3 6 1009 12 219 409
3 4 1010 6 222 8
4 3 759
3 1 1011 16 81 366
4 9 917
4 5 80
3 2 1012 6 35 308
3 3 1013 5 190 161
3 1 1014 6 285 322
3 6 1015 14 403 428
3 7 1016 2 76 485
3 2 1017 16 75 374
3 7 1018 6 269 119
4 4 822
4 8 68
3 1 1019 8 27 231
3 5 1020 2 115 394
3 5 1021 17 1 426
3 4 1022 11 360 243
3 8 1023 14 388 272
4 4 524
3 7 1024 13 461 258
3 6 1025 11 339 370
3 5 1026 5 3 145
3 6 1027 11 67 102
3 8 1028 3 197 436
3 2 1029 10 448 254
3 4 1030 5 453 341
3 3 1031 12 205 499
3 8 1032 11 23 326
3 3 1033 16 137 328
3 3 1034 3 21 365
3 4 1035 15 200 449
3 6 1036 5 337 337
4 9 973
3 8 1037 16 339 447
3 5 1038 9 313 379
3 2 1039 1 327 25
3 8 1040 8 424 317
3 2 1041 7 155 453
4 6 215
3 8 1042 9 60 186
4 1 904
3 3 1043 6 321 468
3 9 1044 12 368 409
3 1 1045 9 45 166
3 1 1046 16 414 162
3 2 1047 1 141 408
3 2 1048 4 166 212
3 4 1049 13 403 293
3 1 1050 8 161 283
3 5 1051 16 393 178
4 3 847
3 9 1052 13 369 92
3 2 1053 8 381 228
3 3 1054 14 318 423
3 6 1055 12 283 427
3 3 1056 3 303 332
3 3 1057 16 238 428
3 9 1058 11 98 157
3 7 1059 2 460 343
4 2 182
3 8 1060 3 135 376
3 4 1061 15 188 70
3 5 1062 17 314 277
3 2 1063 2 75 249
3 3 1064 11 187 370
3 8 1065 2 451 109
3 5 1066 13 474 17
4 3 1007
3 9 1067 4 16 269
3 3 1068 1 492 458
3 1 1069 16 199 354
3 4 1070 16 149 478
3 5 1071 17 79 414
3 9 1072 6 29 23
3 4 1073 8 233 26
3 4 1074 12 189 155
3 6 1075 9 235 265
3 8 1076 5 494 477
4 8 820
3 6 1077 8 44 72
3 8 1078 16 201 282
3 5 1079 1 55 173
3 9 1080 1 144 243
3 1 1081 3 152 64
3 1 1082 17 63 483
3 4 1083 15 314 51
3 6 1084 12 462 441
3 7 1085 2 175 499
3 4 1086 13 121 114
3 8 1087 3 6 343
3 7 1088 10 323 58
3 2 1089 17 53 142
3 4 1090 12 199 338
3 9 1091 5 223 278
3 8 1092 6 153 453
3 9 1093 14 346 172
3 5 1094 16 416 74
3 2 1095 13 444 102
3 2 1096 11 450 85
3 7 1097 13 386 417
3 4 1098 16 437 87
3 1 1099 13 351 246
3 2 1100 15 190 87
3 8 1101 14 486 137
3 3 1102 2 486 169
3 7 1103 2 53 19
3 2 1104 17 62 105
3 1 1105 7 356 71
3 2 1106 15 471 135
3 5 1107 12 488 95
3 4 1108 15 273 193
3 3 1109 3 32 480
3 5 1110 3 206 283
4 4 676
3 3 1111 3 99 66
3 9 1112 1 296 306
3 3 1113 3 481 178
3 4 1114 7 249 133
3 8 1115 16 429 191
3 9 1116 7 317 235
3 6 1117 17 350 450
3 4 1118 6 396 498
3 1 1119 5 469 316
3 3 1120 13 314 74
3 4 1121 10 494 468
3 3 1122 8 174 9
3 8 1123 17 236 1
3 1 1124 6 100 387
3 8 1125 5 213 14
3 9 1126 10 82 285
3 6 1127 14 482 231
3 5 1128 13 404 454
3 2 1129 14 466 318
3 6 1130 14 427 69
3 8 1131 2 414 456
3 4 1132 6 48 465
3 3 1133 4 440 422
3 9 1134 4 378 140
3 7 1135 4 194 206
3 7 1136 5 150 313
3 3 1137 15 170 313
3 5 1138 11 62 357
3 9 1139 9 398 357
3 8 1140 10 124 53
3 4 1141 8 334 296
3 8 1142 1 379 57
3 3 1143 9 244 289
3 5 1144 17 391 438
3 9 1145 2 98 437
3 9 1146 11 480 281
3 1 1147 13 78 355
3 7 1148 15 281 48
3 2 1149 15 217 88
3 5 1150 3 190 369
3 3 1151 8 287 231
3 6 1152 7 304 166
3 9 1153 5 135 468
3 1 1154 12 428 496
3 2 1155 1 136 258
3 1 1156 14 311 344
3 2 1157 11 438 377
3 1 1158 17 432 293
3 6 1159 10 223 247
3 3 1160 6 113 233
3 5 1161 2 60 192
3 2 1162 4 373 357
3 3 1163 11 477 115
3 4 1164 8 325 85
3 3 1165 17 49 227
3 8 1166 12 252 167
3 8 1167 16 376 160
3 8 1168 15 218 427
3 8 1169 7 480 315
2 1 19 4
3 2 1170 1 432 444
4 2 912
3 4 1171 10 17 236
4 9 898
3 4 1172 5 339 296
3 7 1173 12 108 126
3 4 1174 1 267 165
3 8 1175 15 354 296
3 4 1176 17 313 20
3 7 1177 1 21 77
3 1 1178 14 429 356
3 1 1179 1 132 261
3 3 1180 16 387 29
3 7 1181 11 482 434
3 2 1182 2 143 481
3 2 1183 17 62 385
3 5 1184 18 468 88
3 5 1185 12 409 470
4 5 1055
4 1 159
3 7 1186 6 78 424
4 1 564
3 7 1187 6 74 93
3 6 1188 18 125 15
3 3 1189 18 17 60
3 2 1190 3 55 343
3 7 1191 9 26 382
3 9 1192 7 66 268
3 5 1193 5 366 384
3 1 1194 13 94 401
3 7 1195 17 64 52
3 6 1196 14 3 427
3 4 1197 1 4 388
4 3 834
3 6 1198 4 86 166
3 3 1199 17 472 280
3 9 1200 3 293 423
3 5 1201 3 271 424
3 6 1202 14 84 39
3 1 1203 4 366 6
3 8 1204 17 95 164
3 9 1205 16 490 419
3 2 1206 7 496 111
3 5 1207 10 151 78
3 1 1208 17 437 235
3 1 1209 2 1 123
3 1 1210 10 100 78
3 5 1211 14 183 401
3 9 1212 4 18 156
3 3 1213 13 432 423
3 4 1214 10 35 344
3 8 1215 1 205 283
3 8 1216 8 391 248
3 4 1217 4 137 276
3 3 1218 16 130 493
3 9 1219 11 65 128
3 6 1220 15 65 36
3 1 1221 8 356 111
3 8 1222 15 238 154
3 3 1223 11 33 377
3 4 1224 10 194 177
3 6 1225 9 60 222
3 2 1226 2 61 373
3 2 1227 16 378 248
3 6 1228 16 409 31
4 7 97
3 7 1229 4 332 10
3 1 1230 10 296 280
3 5 1231 10 31 476
4 8 656
3 8 1232 11 182 19
4 3 82
3 6 1233 17 90 498
3 9 1234 17 48 483
3 1 1235 9 345 283
3 2 1236 3 200 266
3 6 1237 6 492 259
3 5 1238 14 370 463
3 2 1239 16 293 480
3 9 1240 17 450 39
3 4 1241 1 154 170
3 8 1242 3 305 104
3 4 1243 8 54 6
3 7 1244 11 24 439
3 1 1245 10 246 352
3 9 1246 1 33 250
2 3 20 13
3 5 1247 2 460 499
3 7 1248 17 314 457
3 1 1249 16 278 165
3 7 1250 18 370 225
3 9 1251 19 346 443
3 7 1252 5 151 257
3 8 1253 5 290 227
3 1 1254 7 354 240
3 2 1255 10 390 285
3 5 1256 3 454 284
3 3 1257 11 478 107
3 7 1258 13 319 470
3 7 1259 5 14 57
3 5 1260 12 486 125
3 3 1261 5 436 463
3 2 1262 5 227 408
3 9 1263 15 104 190
3 7 1264 17 109 157
3 7 1265 10 444 299
3 9 1266 12 122 242
3 2 1267 14 422 172
3 9 1268 17 13 112
3 3 1269 15 247 125
3 9 1270 7 229 72
3 7 1271 16 362 259
3 6 1272 6 346 103
3 6 1273 7 114 200
3 4 1274 3 20 418
3 2 1275 15 351 224
3 6 1276 10 365 191
3 1 1277 2 19 427
3 4 1278 17 38 449
3 8 1279 4 418 172
3 6 1280 17 110 157
3 9 1281 2 172 383
3 4 1282 12 59 420
3 3 1283 17 225 441
4 6 720
3 3 1284 18 178 455
3 6 1285 19 382 216
4 8 355
3 3 1286 5 5 460
3 3 1287 3 369 191
3 5 1288 8 190 204
3 7 1289 9 55 421
3 3 1290 3 434 468
3 8 1291 12 128 335
3 1 1292 9 29 395
3 4 1293 9 383 318
3 5 1294 12 283 341
3 7 1295 11 381 70
3 3 1296 6 435 335
3 1 1297 7 304 77
3 8 1298 5 131 340
3 3 1299 5 336 344
3 8 1300 3 423 285
3 2 1301 5 141 63
3 6 1302 18 380 97
3 7 1303 7 22 70
3 7 1304 6 307 177
3 5 1305 18 221 271
3 9 1306 3 420 239
3 4 1307 13 92 497
3 4 1308 13 266 259
3 8 1309 3 479 65
3 6 1310 18 343 406
3 5 1311 13 139 195
4 3 692
3 2 1312 2 402 439
3 1 1313 9 331 432
3 8 1314 15 288 363
3 2 1315 7 4 176
4 3 1262
3 8 1316 13 347 362
3 1 1317 4 216 450
3 6 1318 12 429 382
3 7 1319 12 404 160
3 2 1320 8 94 163
3 3 1321 8 365 400
3 1 1322 8 297 358
3 8 1323 14 161 255
3 3 1324 10 81 20
3 9 1325 16 283 292
3 4 1326 16 310 375
4 5 107
3 1 1327 19 48 454
3 9 1328 2 278 256
3 4 1329 11 10 224
3 3 1330 2 394 126
3 2 1331 10 484 15
4 1 350
3 4 1332 14 59 199
3 7 1333 14 25 55
3 1 1334 10 124 140
3 7 1335 9 73 120
4 1 759
3 7 1336 10 315 2
3 4 1337 12 226 389
3 9 1338 11 142 288
3 8 1339 2 409 372
4 9 1160
3 3 1340 3 123 183
3 1 1341 4 24 410
3 4 1342 16 334 202
4 8 450
3 8 1343 7 65 451
4 2 348
3 8 1344 13 408 187
3 8 1345 12 124 159
3 6 1346 9 20 427
3 7 1347 10 455 75
4 6 191
3 9 1348 5 133 221
3 2 1349 19 164 78
3 1 1350 19 133 409
3 3 1351 14 380 46
3 5 1352 14 278 107
3 8 1353 9 456 397
3 4 1354 19 342 319
3 6 1355 5 390 425
3 8 1356 6 323 262
3 6 1357 4 226 315
3 8 1358 12 317 154
3 5 1359 19 124 335
3 3 1360 3 14 286
3 6 1361 15 43 262
3 8 1362 9 343 91
3 8 1363 1 38 45
3 8 1364 17 298 139
3 9 1365 3 246 219
3 7 1366 9 48 488
4 4 81
3 9 1367 8 482 105
3 6 1368 6 472 479
3 4 1369 5 55 428
4 4 1247
3 2 1370 14 294 479
3 1 1371 16 125 189
3 2 1372 4 9 416
3 5 1373 4 165 495
3 2 1374 15 458 296
4 9 801
3 5 1375 1 496 153
3 6 1376 14 145 72
3 8 1377 7 485 467
3 7 1378 2 159 265
3 1 1379 10 53 386
3 2 1380 12 481 134
3 4 1381 18 61 311
3 2 1382 4 134 435
3 1 1383 17 496 409
3 2 1384 8 354 99
3 2 1385 6 367 424
3 3 1386 1 433 170
3 5 1387 14 349 82
3 4 1388 14 464 142
3 8 1389 3 325 477
3 9 1390 19 238 151
3 4 1391 4 183 405
3 2 1392 1 454 198
3 4 1393 2 129 351
3 6 1394 10 290 106
3 4 1395 1 147 225
3 5 1396 1 469 34
3 1 1397 1 140 273
3 4 1398 14 277 478
3 3 1399 3 448 15
3 2 1400 15 58 148
3 5 1401 17 419 265
3 4 1402 13 97 116
3 5 1403 13 311 119
3 5 1404 3 263 166
3 4 1405 15 155 263
3 9 1406 14 51 108
3 6 1407 10 400 161
3 4 1408 8 309 213
3 5 1409 6 334 328
3 4 1410 1 470 68
2 7 21 16
3 6 1411 19 26 330
3 7 1412 15 199 435
3 8 1413 3 475 179
3 2 1414 1 17 153
3 8 1415 8 87 259
3 5 1416 14 140 2
3 3 1417 18 102 52
3 3 1418 6 411 346
3 4 1419 9 323 42
3 5 1420 3 463 370
3 6 1421 14 419 221
3 3 1422 19 222 490
3 1 1423 6 369 471
3 4 1424 19 49 359
3 6 1425 2 157 304
3 8 1426 7 190 314
3 1 1427 7 65 149
2 8 22 3
4 6 1315
3 8 1428 10 340 278
3 8 1429 18 408 78
4 1 532
3 6 1430 4 35 378
3 4 1431 20 286 400
4 6 455
3 7 1432 3 122 215
3 7 1433 17 286 109
3 7 1434 20 319 333
3 5 1435 7 396 285
3 8 1436 18 397 242
3 4 1437 11 15 324
3 4 1438 3 225 448
3 5 1439 4 183 19
3 3 1440 15 41 85
3 3 1441 16 459 382
3 6 1442 14 416 318
3 6 1443 18 191 193
3 9 1444 10 186 330
4 2 1015
3 5 1445 8 30 40
3 1 1446 7 314 454
3 8 1447 17 248 172
4 6 819
3 2 1448 18 151 211
3 3 1449 8 229 456
3 2 1450 2 249 143
4 7 416
3 7 1451 3 180 320
3 7 1452 16 283 337
3 1 1453 18 499 449
3 4 1454 21 340 265
3 6 1455 6 435 175
3 3 1456 17 133 49
3 9 1457 2 254 471
3 9 1458 11 483 283
3 7 1459 13 464 288
3 6 1460 12 87 28
3 2 1461 14 343 310
3 4 1462 1 330 100
3 4 1463 21 475 31
3 2 1464 4 302 269
3 8 1465 5 348 258
3 1 1466 12 22 63
3 8 1467 20 85 160
3 9 1468 13 314 190
3 5 1469 10 100 383
3 8 1470 16 209 150
3 4 1471 1 31 173
3 5 1472 21 399 209
4 7 928
3 8 1473 18 100 59
3 1 1474 9 369 214
3 1 1475 19 206 34
3 8 1476 15 114 459
3 6 1477 4 395 413
3 8 1478 13 56 83
3 1 1479 3 205 300
3 4 1480 6 226 172
3 4 1481 1 34 455
3 3 1482 1 185 179
3 3 1483 2 203 448
4 8 482
3 2 1484 2 58 256
3 7 1485 7 336 119
3 4 1486 19 483 395
4 8 1458
3 7 1487 20 428 167
3 8 1488 11 154 104
3 9 1489 14 4 229
4 1 1447
3 4 1490 14 172 240
3 7 1491 4 267 287
3 1 1492 11 276 47
3 3 1493 15 67 405
3 2 1494 21 468 436
3 3 1495 1 321 354
3 7 1496 4 232 390
3 2 1497 21 224 122
3 2 1498 2 43 447
3 3 1499 21 168 477
3 9 1500 9 480 475
3 3 1501 15 88 389
3 8 1502 7 218 489
3 4 1503 3 309 212
3 6 1504 1 250 315
4 4 418
3 2 1505 11 467 393
3 9 1506 1 421 369
3 5 1507 15 216 361
3 9 1508 21 187 481
3 4 1509 13 116 6
3 7 1510 14 209 99
3 6 1511 1 95 138
3 2 1512 2 284 34
3 3 1513 18 21 145
3 4 1514 4 405 457
3 6 1515 19 2 78
3 5 1516 14 348 70
3 7 1517 13 297 442
3 6 1518 11 11 403
3 7 1519 9 275 483
3 8 1520 20 351 122
3 5 1521 14 401 392
3 3 1522 20 22 381
3 8 1523 3 258 340
3 2 1524 20 154 211
3 9 1525 15 401 63
3 5 1526 11 498 136
4 8 117
3 9 1527 12 369 74
3 4 1528 5 265 184
4 8 311
3 9 1529 21 437 105
4 9 768
3 6 1530 20 360 270
3 5 1531 17 215 234
3 7 1532 16 206 229
3 2 1533 17 350 417
3 5 1534 3 341 183
3 8 1535 7 367 384
3 9 1536 21 289 16
4 2 255
3 6 1537 9 150 332
3 6 1538 1 308 294
4 3 627
3 5 1539 8 207 2
4 2 815
3 8 1540 20 496 257
3 6 1541 6 468 94
3 1 1542 12 64 444
3 9 1543 14 64 96
3 6 1544 11 98 79
3 6 1545 19 327 80
4 5 511
3 3 1546 19 67 330
3 3 1547 1 417 256
3 4 1548 9 243 369
3 5 1549 17 203 433
3 2 1550 16 413 423
3 6 1551 7 252 434
3 3 1552 9 358 386
3 4 1553 16 63 448
3 4 1554 13 138 375
3 4 1555 2 235 319
3 9 1556 7 172 166
3 6 1557 4 402 16
3 5 1558 5 327 149
3 6 1559 8 60 7
3 9 1560 2 466 364
3 3 1561 7 108 365
3 2 1562 2 463 467
3 5 1563 18 52 156
4 7 548
3 9 1564 5 382 261
3 5 1565 6 414 363
3 9 1566 12 334 289
3 8 1567 7 363 82
3 3 1568 10 107 35
3 6 1569 17 333 467
3 3 1570 4 108 323
3 8 1571 2 352 41
3 1 1572 19 429 69
3 9 1573 9 464 186
3 7 1574 12 177 448
2 6 23 7
4 1 631
3 5 1575 3 482 357
3 8 1576 16 22 208
3 1 1577 11 379 4
4 1 245
3 3 1578 2 17 481
3 4 1579 2 469 409
3 6 1580 5 61 4
3 1 1581 10 438 200
3 9 1582 20 346 181
3 4 1583 7 154 9
3 8 1584 21 106 101
3 5 1585 4 218 89
4 3 112
3 9 1586 7 222 16
3 9 1587 5 339 450
3 5 1588 20 175 187
3 3 1589 2 142 30
3 1 1590 2 494 193
3 7 1591 11 298 185
3 7 1592 17 475 483
3 4 1593 7 408 448
3 7 1594 19 214 247
3 5 1595 9 172 420
3 8 1596 4 107 67
3 2 1597 19 176 376
3 3 1598 20 228 105
4 2 526
3 5 1599 4 110 476
3 9 1600 8 230 276
3 3 1601 16 157 339
3 8 1602 9 160 454
3 7 1603 11 338 251
3 2 1604 13 373 250
3 6 1605 10 144 411
3 4 1606 17 141 244
3 3 1607 2 367 48
3 9 1608 14 343 134
3 6 1609 17 62 490
3 6 1610 15 21 142
3 2 1611 21 10 300
3 7 1612 17 488 372
3 5 1613 6 27 243
3 8 1614 14 105 23
3 8 1615 16 93 420
3 8 1616 11 261 161
3 9 1617 8 348 469
3 2 1618 9 247 184
3 4 1619 14 43 321
3 7 1620 13 264 65
3 2 1621 22 84 149
3 5 1622 17 498 29
3 7 1623 10 224 385
3 7 1624 8 127 89
4 5 816
3 6 1625 15 219 299
3 2 1626 7 100 292
4 7 1381
3 9 1627 14 135 371
3 5 1628 11 365 260
3 9 1629 20 33 350
3 8 1630 1 244 344
3 9 1631 8 143 136
3 2 1632 1 248 150
4 7 1246
3 6 1633 17 272 377
3 3 1634 15 365 130
3 8 1635 1 41 488
3 6 1636 18 103 318
3 8 1637 22 18 235
3 4 1638 20 309 259
3 2 1639 21 52 53
3 9 1640 7 303 459
3 1 1641 19 67 209
3 6 1642 15 358 434
4 5 867
3 8 1643 19 260 198
3 4 1644 4 389 330
3 8 1645 3 250 111
3 1 1646 8 140 401
3 7 1647 2 100 61
3 2 1648 13 326 194
3 7 1649 19 90 134
3 1 1650 21 18 350
3 7 1651 16 270 168
3 5 1652 12 133 392
3 5 1653 9 444 221
3 2 1654 16 476 298
3 4 1655 21 185 201
3 9 1656 12 329 323
3 1 1657 12 465 84
3 7 1658 21 78 73
3 4 1659 3 310 165
3 6 1660 22 413 34
3 2 1661 7 382 436
3 7 1662 4 112 181
3 4 1663 2 168 388
3 5 1664 11 156 378
3 7 1665 1 372 458
3 4 1666 16 217 374
3 2 1667 9 419 491
3 7 1668 14 62 461
3 8 1669 20 151 38
3 5 1670 18 267 295
3 6 1671 20 476 353
3 6 1672 14 430 419
3 1 1673 13 277 51
3 4 1674 16 443 263
3 7 1675 3 484 366
3 2 1676 21 451 398
3 4 1677 18 378 387
4 7 1160
3 1 1678 12 16 164
3 6 1679 9 412 498
3 7 1680 21 254 85
3 1 1681 14 418 431
3 4 1682 5 227 128
4 3 939
4 1 1083
3 5 1683 10 89 57
3 8 1684 19 457 114
3 2 1685 19 464 2
3 9 1686 10 460 78
3 6 1687 11 239 397
3 9 1688 22 435 274
3 5 1689 11 274 44
3 4 1690 9 25 416
3 5 1691 13 374 97
3 9 1692 8 3 171
3 8 1693 7 129 476
3 1 1694 9 12 143
3 1 1695 7 458 445
3 1 1696 17 194 403
3 1 1697 16 269 258
3 9 1698 7 167 98
3 5 1699 19 188 465
3 8 1700 13 393 291
4 1 1301
3 1 1701 5 468 189
3 8 1702 21 148 487
3 4 1703 3 235 62
3 3 1704 13 304 234
3 6 1705 16 209 226
3 1 1706 22 459 367
3 8 1707 4 161 238
3 1 1708 8 12 24
3 2 1709 14 39 470
3 3 1710 4 39 92
3 2 1711 20 293 411
3 1 1712 5 495 153
3 7 1713 13 3 163
3 9 1714 5 120 21
3 3 1715 17 77 493
3 2 1716 5 212 223
3 5 1717 6 430 322
3 4 1718 9 441 80
4 6 1280
3 4 1719 14 148 259
3 4 1720 12 228 459
4 9 727
3 1 1721 3 445 394
3 9 1722 5 171 391
3 2 1723 7 100 155
3 6 1724 20 13 7
3 6 1725 21 85 232
3 5 1726 19 224 76
3 5 1727 20 134 8
3 1 1728 17 360 266
3 7 1729 19 435 24
3 5 1730 14 376 381
3 7 1731 3 315 192
3 9 1732 20 299 356
3 8 1733 4 1 310
3 4 1734 7 219 328
3 6 1735 16 387 29
3 2 1736 5 187 260
3 5 1737 6 165 157
3 3 1738 16 382 159
3 8 1739 8 297 437
3 1 1740 13 352 328
3 7 1741 17 277 335
3 9 1742 15 288 376
3 8 1743 9 210 30
3 5 1744 9 263 153
4 4 390
4 5 1379
3 6 1745 9 155 135
3 7 1746 12 423 21
3 7 1747 16 76 431
3 4 1748 7 280 305
3 3 1749 17 450 360
3 4 1750 10 443 7
3 6 1751 8 190 263
2 6 24 6
4 4 248
3 2 1752 8 90 348
3 4 1753 20 343 369
3 6 1754 13 376 296
3 2 1755 15 386 378
3 3 1756 10 316 75
3 3 1757 7 182 177
3 2 1758 18 230 224
3 5 1759 7 335 26
3 9 1760 2 75 140
3 1 1761 11 423 440
3 6 1762 10 279 84
3 5 1763 4 10 136
3 5 1764 23 194 62
3 1 1765 6 104 451
2 3 25 9
3 7 1766 8 283 183
3 3 1767 18 101 62
3 9 1768 7 415 83
3 5 1769 23 48 410
3 8 1770 14 287 29
3 6 1771 9 179 199
3 2 1772 19 330 349
3 4 1773 8 118 236
3 8 1774 18 348 187
3 8 1775 9 200 176
3 2 1776 4 215 359
3 7 1777 3 475 244
3 5 1778 24 310 148
3 3 1779 3 335 468
3 4 1780 10 230 404
3 4 1781 11 415 461
3 8 1782 7 496 33
3 7 1783 21 83 135
4 9 470
3 1 1784 3 365 303
3 2 1785 11 499 359
3 7 1786 19 248 70
4 1 34
3 5 1787 2 107 342
3 7 1788 3 321 249
3 5 1789 7 443 448
3 2 1790 12 267 230
4 3 533
3 4 1791 19 318 370
3 5 1792 1 499 444
3 7 1793 2 297 454
3 6 1794 9 484 311
3 9 1795 17 424 162
3 2 1796 4 252 437
4 9 761
3 7 1797 17 360 151
3 9 1798 20 290 136
3 4 1799 7 296 305
3 6 1800 3 2 168
3 9 1801 4 160 286
3 4 1802 22 201 69
3 9 1803 14 180 226
3 1 1804 13 177 443
2 5 26 11
3 9 1805 10 473 180
3 9 1806 2 275 463
3 9 1807 21 183 105
3 7 1808 5 64 57
3 1 1809 19 275 1
4 7 1011
3 2 1810 18 384 169
3 4 1811 18 312 444
3 9 1812 12 246 367
3 1 1813 5 207 291
3 1 1814 8 412 73
3 4 1815 16 204 206
3 9 1816 2 457 115
4 9 1214
3 6 1817 8 293 334
3 2 1818 15 394 222
3 2 1819 24 145 259
3 2 1820 3 274 210
3 2 1821 17 103 16
3 7 1822 11 466 10
4 9 1271
3 8 1823 20 240 403
3 8 1824 22 315 284
3 2 1825 15 369 31
3 9 1826 9 301 382
3 1 1827 1 186 58
4 8 1020
3 2 1828 9 19 142
2 8 27 21
3 4 1829 19 136 77
3 5 1830 22 184 193
3 1 1831 1 185 36
3 1 1832 18 372 318
4 3 1091
3 5 1833 20 375 31
3 1 1834 14 176 384
3 5 1835 26 186 298
3 9 1836 25 327 102
4 3 1070
3 4 1837 19 467 200
3 5 1838 6 453 461
3 7 1839 8 49 123
3 2 1840 4 277 318
4 3 1382
3 1 1841 24 364 154
3 7 1842 22 73 177
3 9 1843 15 372 46
4 2 371
3 4 1844 24 104 292
3 8 1845 12 306 134
3 6 1846 9 415 104
3 7 1847 26 335 369
3 3 1848 12 393 92
3 7 1849 22 223 339
3 8 1850 6 137 320
3 9 1851 16 185 333
3 7 1852 9 204 24
3 6 1853 22 102 322
3 7 1854 15 477 337
3 4 1855 24 398 20
3 4 1856 7 40 64
3 1 1857 4 396 274
3 8 1858 24 203 258
4 3 647
3 5 1859 15 445 435
3 1 1860 10 477 303
3 2 1861 24 390 228
3 6 1862 12 196 176
3 2 1863 26 60 108
3 3 1864 26 367 484
3 1 1865 20 74 457
3 4 1866 22 191 264
3 6 1867 1 234 325
3 6 1868 14 258 15
3 1 1869 12 181 211
3 7 1870 11 163 445
3 2 1871 2 426 341
3 5 1872 16 381 409
3 2 1873 10 402 276
3 5 1874 24 130 14
3 5 1875 4 12 299
3 5 1876 23 166 146
3 6 1877 23 304 213
3 1 1878 22 339 436
3 1 1879 18 177 365
3 7 1880 14 418 332
3 6 1881 22 138 420
3 3 1882 13 125 311
4 3 1717
3 4 1883 21 124 163
3 6 1884 12 305 290
4 6 718
3 8 1885 25 7 366
3 3 1886 6 101 221
3 9 1887 4 84 47
3 7 1888 23 362 484
3 2 1889 19 322 363
3 9 1890 12 282 309
3 8 1891 6 400 467
3 8 1892 6 354 324
3 7 1893 12 378 373
3 3 1894 4 479 311
3 1 1895 24 14 103
2 6 28 13
3 3 1896 6 33 49
3 6 1897 22 233 451
3 1 1898 18 335 225
3 7 1899 12 483 121
3 3 1900 24 355 276
3 7 1901 17 311 408
3 3 1902 7 88 366
4 3 904
3 3 1903 5 112 168
3 9 1904 8 242 378
3 9 1905 23 324 37
3 5 1906 12 423 105
3 1 1907 16 427 216
3 7 1908 15 107 360
3 7 1909 17 273 383
4 4 1549
3 4 1910 16 343 109
3 6 1911 3 100 347
3 6 1912 14 248 45
3 8 1913 23 109 25
3 5 1914 18 475 25
3 5 1915 24 171 223
3 2 1916 18 46 289
3 3 1917 19 229 436
3 6 1918 16 300 159
3 1 1919 19 161 195
4 2 1758
3 2 1920 22 343 486
3 9 1921 25 472 237
3 6 1922 26 108 22
3 3 1923 4 349 78
3 1 1924 11 439 125
3 6 1925 16 3 480
3 1 1926 12 254 438
3 1 1927 2 39 170
3 4 1928 11 160 328
3 3 1929 11 187 326
3 9 1930 24 309 259
3 8 1931 1 356 62
4 4 1299
3 7 1932 10 205 436
3 4 1933 27 212 80
3 8 1934 27 59 236
3 2 1935 17 249 333
3 3 1936 2 86 327
3 1 1937 27 63 409
3 2 1938 13 469 71
3 8 1939 3 300 90
3 8 1940 14 174 86
3 7 1941 25 236 465
3 2 1942 4 145 51
3 9 1943 22 252 196
3 4 1944 6 26 92
3 2 1945 15 21 44
3 1 1946 25 113 17
3 2 1947 10 456 326
3 4 1948 2 407 250
3 4 1949 20 486 433
3 6 1950 7 345 202
4 9 28
3 7 1951 4 10 445
3 8 1952 21 241 94
3 8 1953 22 62 364
3 1 1954 14 153 100
3 1 1955 16 461 252
3 4 1956 8 490 154
3 8 1957 9 341 462
3 4 1958 21 157 185
3 1 1959 5 282 36
3 2 1960 3 362 231
3 9 1961 4 174 346
3 6 1962 2 485 198
3 7 1963 21 14 273
3 1 1964 13 334 107
3 3 1965 1 301 498
3 8 1966 27 496 162
3 8 1967 13 347 3
3 5 1968 17 180 35
3 1 1969 21 367 496
3 6 1970 2 344 381
4 2 853
4 1 1121
3 6 1971 10 376 123
3 2 1972 13 352 41
3 2 1973 6 440 364
3 9 1974 11 33 375
3 8 1975 3 156 262
3 3 1976 23 318 438
3 2 1977 9 188 340
3 9 1978 18 273 168
3 3 1979 9 173 481
3 8 1980 9 132 471
3 4 1981 5 41 215
3 4 1982 23 154 137
2 9 29 3
3 1 1983 21 284 199
3 1 1984 18 293 169
3 1 1985 19 230 157
3 4 1986 2 139 209
3 9 1987 16 412 43
3 6 1988 13 231 432
3 9 1989 17 91 282
3 6 1990 9 189 273
3 5 1991 26 486 101
3 7 1992 6 162 134
3 3 1993 24 428 300
3 6 1994 22 53 278
3 4 1995 19 425 135
4 6 526
3 5 1996 2 351 213
4 9 1899
3 4 1997 4 293 157
3 9 1998 6 431 308
3 9 1999 22 377 26
3 7 2000 10 257 387
3 6 2001 28 364 129
3 4 2002 23 364 481
3 9 2003 4 327 240
3 6 2004 16 353 316
3 8 2005 25 82 376
3 4 2006 25 266 255
3 2 2007 22 215 165
3 4 2008 24 157 102
3 6 2009 13 341 187
3 3 2010 6 427 361
3 3 2011 19 425 429
3 2 2012 24 441 118
3 3 2013 24 467 457
4 7 621
3 7 2014 26 393 463
4 2 92
3 9 2015 16 368 455
3 6 2016 17 434 354
3 6 2017 12 340 56
3 6 2018 16 452 392
3 7 2019 5 19 251
3 6 2020 6 39 191
3 8 2021 19 355 160
3 1 2022 9 182 198
3 6 2023 22 355 369
3 7 2024 12 163 499
3 4 2025 19 143 60
3 3 2026 2 315 91
3 5 2027 7 124 290
4 8 412
3 4 2028 15 91 470
3 8 2029 28 265 314
4 3 1166
3 6 2030 22 55 442
3 3 2031 26 486 68
3 8 2032 20 221 192
3 9 2033 1 482 487
3 8 2034 7 264 388
3 8 2035 12 339 144
3 3 2036 11 421 215
3 9 2037 20 9 30
3 4 2038 6 231 412
3 3 2039 20 390 191
3 9 2040 24 394 1
3 6 2041 2 498 52
3 6 2042 13 128 13
3 7 2043 18 326 229
3 4 2044 8 301 235
3 2 2045 23 114 193
3 8 2046 28 491 238
3 9 2047 15 130 251
3 5 2048 1 132 18
3 7 2049 17 181 312
3 6 2050 25 48 381
3 1 2051 3 376 26
3 2 2052 25 222 370
3 6 2053 9 141 498
3 6 2054 10 345 107
3 1 2055 26 253 166
3 3 2056 12 59 172
3 4 2057 19 324 398
3 7 2058 15 335 28
4 3 215
3 6 2059 21 302 257
3 3 2060 7 254 170
3 2 2061 11 148 288
3 9 2062 12 349 53
3 7 2063 20 442 219
3 6 2064 3 302 48
3 2 2065 26 224 8
3 3 2066 17 185 123
3 1 2067 19 392 142
3 8 2068 22 376 224
3 6 2069 24 396 331
3 8 2070 18 408 239
3 4 2071 27 179 6
3 5 2072 16 146 266
3 2 2073 24 347 430
3 6 2074 19 419 223
3 3 2075 2 385 196
3 3 2076 25 384 147
3 7 2077 27 58 96
3 4 2078 3 28 316
3 6 2079 5 403 127
3 7 2080 2 236 416
4 5 392
3 7 2081 12 261 45
3 4 2082 27 37 412
3 5 2083 10 450 44
3 8 2084 6 24 453
3 4 2085 11 302 419
4 4 1748
3 3 2086 24 364 103
3 5 2087 12 433 220
3 6 2088 13 447 186
3 8 2089 26 435 387
3 5 2090 18 430 452
3 5 2091 20 208 378
4 7 1131
4 8 138
3 5 2092 21 103 262
3 9 2093 18 481 454
3 5 2094 15 112 40
4 1 1803
3 3 2095 6 76 420
3 5 2096 14 424 404
3 9 2097 5 78 144
3 6 2098 15 2 385
3 4 2099 12 171 55
3 2 2100 11 487 49
4 5 635
3 5 2101 19 194 477
3 1 2102 23 485 162
3 7 2103 7 236 184
3 6 2104 21 65 148
3 5 2105 15 143 12
3 7 2106 20 59 473
4 5 534
3 5 2107 15 195 132
3 6 2108 27 378 45
3 4 2109 13 218 283
3 1 2110 10 52 458
3 6 2111 6 358 253
3 9 2112 7 354 456
3 6 2113 18 254 499
3 9 2114 17 206 191
3 7 2115 4 181 46
3 1 2116 28 448 464
3 5 2117 11 115 200
3 2 2118 3 179 239
3 9 2119 4 215 255
3 2 2120 28 263 68
3 2 2121 25 432 141
3 1 2122 25 389 22
3 4 2123 22 495 327
3 6 2124 7 297 427
3 1 2125 1 206 173
3 9 2126 27 335 391
3 3 2127 6 321 479
3 1 2128 11 346 357
4 8 59
3 7 2129 19 450 290
3 6 2130 17 97 415
3 8 2131 13 484 42
3 7 2132 1 303 323
3 7 2133 17 497 188
3 3 2134 20 491 39
3 6 2135 26 69 368
3 9 2136 17 104 404
4 3 19
3 3 2137 14 409 424
3 4 2138 8 89 221
3 6 2139 23 188 141
3 8 2140 21 404 212
4 4 198
3 7 2141 7 25 71
3 9 2142 6 204 53
3 4 2143 25 250 55
3 9 2144 13 275 426
3 6 2145 22 139 224
3 6 2146 23 173 338
3 7 2147 25 114 164
3 5 2148 28 23 405
3 7 2149 7 400 338
3 9 2150 27 332 266
3 1 2151 18 214 346
3 5 2152 12 313 171
4 8 137
3 1 2153 11 381 456
4 1 1931
3 1 2154 13 322 496
3 2 2155 9 73 74
3 8 2156 11 89 153
3 5 2157 26 293 371
3 6 2158 17 75 188
3 7 2159 11 199 82
3 1 2160 22 261 101
3 8 2161 25 162 247
3 7 2162 5 279 1
3 1 2163 25 2 256
3 4 2164 22 302 430
3 6 2165 6 279 166
3 6 2166 17 35 366
3 4 2167 4 80 71
3 2 2168 17 272 107
3 7 2169 17 250 22
3 6 2170 19 225 146
3 7 2171 17 280 444
4 4 139
3 6 2172 11 279 414
3 1 2173 6 125 234
3 6 2174 4 283 299
3 3 2175 17 417 126
3 1 2176 2 227 18
3 1 2177 12 189 18
3 7 2178 19 247 432
4 8 638
3 3 2179 10 86 18
4 3 1201
3 1 2180 15 18 22
3 8 2181 10 455 114
3 1 2182 14 32 24
3 9 2183 4 274 422
4 7 344
3 2 2184 17 270 267
3 2 2185 22 176 426
3 8 2186 6 295 72
3 2 2187 22 455 414
4 6 980
3 9 2188 4 10 418
3 6 2189 21 239 242
4 3 1185
3 3 2190 3 166 489
3 3 2191 23 438 282
3 3 2192 25 321 314
3 5 2193 27 400 158
3 5 2194 9 186 244
3 5 2195 7 13 319
3 9 2196 18 150 258
4 8 916
3 8 2197 19 177 71
3 3 2198 3 474 410
3 6 2199 17 360 451
3 4 2200 8 452 4
3 5 2201 3 436 477
3 1 2202 7 330 270
3 1 2203 11 180 230
3 9 2204 24 324 147
4 3 1966
3 6 2205 14 487 389
4 7 1212
3 4 2206 20 379 262
3 3 2207 19 14 39
3 7 2208 25 316 134
3 4 2209 16 372 277
3 8 2210 22 413 71
3 5 2211 2 114 64
3 3 2212 8 303 342
3 3 2213 13 479 336
3 5 2214 12 32 139
4 9 1331
3 7 2215 22 395 178
4 4 305
3 9 2216 10 43 348
3 7 2217 9 374 451
3 6 2218 8 183 184
3 8 2219 6 382 184
4 4 1476
3 7 2220 24 337 410
3 2 2221 9 27 387
3 2 2222 3 487 26
3 9 2223 20 177 489
3 1 2224 12 53 207
3 2 2225 24 182 469
3 7 2226 2 42 70
4 4 1063
3 6 2227 8 290 287
3 4 2228 19 273 29
3 5 2229 5 456 80
3 5 2230 28 410 168
3 8 2231 6 55 357
3 8 2232 19 394 457
3 2 2233 18 376 131
3 2 2234 7 408 474
3 9 2235 20 171 316
3 6 2236 19 252 291
3 8 2237 23 492 83
3 4 2238 28 292 195
3 4 2239 17 440 171
3 7 2240 10 319 8
3 4 2241 18 274 232
4 4 696
3 4 2242 10 158 319
3 9 2243 20 422 227
4 9 757
3 9 2244 14 257 230
3 8 2245 12 79 445
3 2 2246 1 69 36
3 7 2247 14 497 268
3 6 2248 17 426 21
4 1 2127
3 6 2249 21 378 307
3 2 2250 26 281 10
4 6 980
4 7 1485
3 3 2251 7 448 84
4 9 1009
3 6 2252 11 366 186
3 5 2253 22 314 56
3 9 2254 4 111 249
3 1 2255 8 172 408
3 4 2256 2 99 347
3 6 2257 18 276 171
3 6 2258 11 127 353
4 9 675
3 8 2259 24 62 285
3 7 2260 2 150 157
3 8 2261 3 100 413
3 9 2262 18 391 377
3 6 2263 7 27 452
3 5 2264 10 128 297
4 3 862
3 5 2265 1 325 443
3 2 2266 13 93 281
3 5 2267 25 24 226
3 5 2268 10 397 327
4 8 1875
3 1 2269 14 360 256
3 4 2270 5 144 18
3 7 2271 28 23 83
3 7 2272 24 299 345
3 5 2273 10 246 128
3 6 2274 7 315 324
3 2 2275 23 326 413
3 2 2276 14 82 153
3 6 2277 8 370 1
3 5 2278 9 215 120
4 8 1267
3 4 2279 25 331 105
3 6 2280 19 454 42
3 6 2281 14 435 269
4 7 603
3 6 2282 5 100 383
3 9 2283 4 452 334
3 4 2284 8 281 105
3 4 2285 14 268 106
3 6 2286 22 296 310
3 2 2287 23 95 378
3 5 2288 9 130 391
3 6 2289 24 202 300
3 5 2290 17 449 60
3 2 2291 13 273 322
3 8 2292 9 175 220
3 2 2293 27 355 3
3 4 2294 11 344 145
3 6 2295 1 45 172
3 5 2296 24 393 73
3 3 2297 7 246 327
3 6 2298 20 416 31
3 8 2299 12 242 257
3 7 2300 27 318 224
3 9 2301 11 357 426
4 3 1533
3 6 2302 24 53 426
3 1 2303 25 346 428
3 6 2304 1 145 399
3 1 2305 15 272 112
3 1 2306 2 371 397
3 8 2307 8 174 436
3 4 2308 3 365 334
3 5 2309 2 240 63
3 9 2310 18 31 394
4 9 257
3 5 2311 6 292 368
3 4 2312 10 130 159
3 3 2313 2 26 150
4 5 1379
3 9 2314 15 355 57
4 3 841
3 9 2315 27 34 394
3 6 2316 27 367 21
4 5 802
3 1 2317 3 115 480
3 3 2318 12 25 201
3 2 2319 28 492 438
3 9 2320 17 230 302
3 1 2321 16 70 120
3 9 2322 3 350 64
3 3 2323 17 474 199
3 2 2324 6 129 52
3 3 2325 23 340 472
3 2 2326 13 242 370
4 8 2244
3 1 2327 2 52 245
3 3 2328 6 290 212
3 9 2329 23 286 409
3 7 2330 4 467 255
4 5 137
3 3 2331 1 314 419
3 5 2332 23 258 1
3 4 2333 1 54 391
3 2 2334 6 42 232
3 5 2335 28 14 166
3 4 2336 10 147 452
3 7 2337 24 248 169
3 2 2338 23 469 498
3 1 2339 10 435 410
3 3 2340 15 21 492
3 2 2341 15 94 305
3 8 2342 26 98 136
3 6 2343 17 464 185
4 7 1062
3 4 2344 22 158 311
3 1 2345 28 92 351
3 8 2346 4 258 129
3 1 2347 18 264 419
3 9 2348 10 391 220
3 2 2349 7 296 112
3 8 2350 13 148 75
3 7 2351 7 388 288
3 5 2352 10 36 362
3 4 2353 20 54 307
3 3 2354 23 103 78
3 5 2355 15 78 48
3 9 2356 2 179 396
3 7 2357 26 222 93
3 1 2358 20 295 304
3 4 2359 1 78 380
3 6 2360 22 385 21
3 9 2361 8 96 81
3 7 2362 22 6 475
3 6 2363 14 306 445
3 7 2364 27 360 367
3 8 2365 24 1 304
3 4 2366 28 273 337
3 5 2367 20 149 478
3 3 2368 13 392 386
3 1 2369 22 484 99
3 9 2370 1 118 68
3 7 2371 21 315 466
3 4 2372 3 295 267
4 1 1758
2 5 30 21
3 2 2373 14 62 1
3 6 2374 23 11 418
3 2 2375 4 33 134
3 3 2376 2 438 303
3 6 2377 23 462 251
3 6 2378 5 152 149
3 3 2379 27 254 160
3 5 2380 13 269 432
3 3 2381 21 147 236
3 1 2382 7 413 338
3 1 2383 27 136 113
3 4 2384 9 292 140
3 8 2385 14 68 401
3 4 2386 26 309 325
3 8 2387 6 482 196
3 3 2388 22 355 182
3 3 2389 5 268 304
3 6 2390 10 477 392
3 2 2391 5 141 156
3 8 2392 27 187 64
3 8 2393 20 439 24
3 8 2394 1 33 112
3 4 2395 6 178 9
3 9 2396 26 313 59
3 6 2397 27 241 309
3 8 2398 28 40 178
3 2 2399 27 412 329
3 7 2400 17 424 49
3 7 2401 23 384 392
3 1 2402 9 382 406
4 3 365
3 8 2403 29 179 433
4 5 216
4 2 952
3 1 2404 2 158 199
3 5 2405 12 161 214
3 3 2406 12 230 26
3 3 2407 14 248 444
3 9 2408 28 46 131
3 1 2409 20 241 40
3 6 2410 13 130 179
3 8 2411 21 393 493
3 4 2412 16 27 498
3 5 2413 22 70 228
3 8 2414 19 195 403
4 8 2038
3 1 2415 10 215 201
3 4 2416 15 429 52
3 9 2417 3 15 158
4 3 105
3 7 2418 27 265 122
3 4 2419 2 257 114
3 5 2420 18 244 249
3 8 2421 8 428 379
3 4 2422 25 497 24
3 2 2423 1 88 494
3 5 2424 21 399 138
3 2 2425 18 425 195
3 6 2426 25 194 418
4 9 284
3 9 2427 28 113 397
3 3 2428 6 283 364
3 8 2429 24 304 61
3 4 2430 24 216 37
3 6 2431 21 192 98
3 7 2432 15 136 73
3 4 2433 24 173 445
3 7 2434 23 422 119
3 4 2435 26 471 139
3 5 2436 29 427 496
3 4 2437 5 415 199
3 7 2438 2 458 341
3 7 2439 7 491 392
3 9 2440 6 197 428
3 8 2441 27 441 89
3 8 2442 24 493 72
3 6 2443 24 130 427
3 6 2444 25 122 99
3 8 2445 19 26 429
4 1 970
3 3 2446 15 330 71
3 8 2447 19 399 123
3 8 2448 25 188 335
3 3 2449 18 353 348
3 7 2450 10 189 368
3 7 2451 10 115 469
4 7 1552
3 6 2452 21 369 451
3 7 2453 23 470 153
3 8 2454 6 352 456
3 7 2455 15 330 60
4 1 1812
3 3 2456 2 249 45
3 2 2457 29 425 405
3 5 2458 16 282 112
3 1 2459 5 54 176
4 7 1773
4 1 294
3 6 2460 18 278 468
3 7 2461 16 307 324
3 5 2462 24 372 81
3 4 2463 29 234 473
3 7 2464 23 278 376
3 4 2465 26 272 325
3 4 2466 29 150 287
3 7 2467 27 85 96
3 7 2468 24 440 481
3 8 2469 21 480 432
3 3 2470 25 31 442
3 3 2471 1 498 199
3 5 2472 8 381 95
3 2 2473 1 400 394
3 2 2474 27 60 111
3 8 2475 28 373 354
3 5 2476 14 419 255
3 3 2477 2 99 247
3 1 2478 26 45 488
3 9 2479 15 233 200
3 9 2480 21 262 152
3 1 2481 12 300 280
3 3 2482 17 267 32
3 8 2483 9 102 496
3 6 2484 21 243 33
3 9 2485 29 161 64
3 4 2486 15 266 239
3 8 2487 22 347 482
3 2 2488 18 2 201
3 8 2489 21 404 434
3 2 2490 1 305 232
3 4 2491 27 309 345
3 5 2492 16 262 411
3 9 2493 1 442 185
3 2 2494 12 210 440
3 1 2495 25 266 78
3 1 2496 16 206 398
3 6 2497 27 379 321
3 4 2498 23 488 50
3 8 2499 9 319 335
3 9 2500 1 459 384
3 3 2501 11 394 139
3 1 2502 24 103 361
4 1 1567
3 7 2503 2 399 14
3 2 2504 17 279 346
3 2 2505 17 282 213
3 3 2506 14 268 225
3 6 2507 20 435 208
3 4 2508 10 339 390
3 2 2509 26 264 447
3 9 2510 7 186 51
3 6 2511 5 324 371
4 9 2107
3 4 2512 25 488 146
3 5 2513 28 353 100
3 1 2514 29 310 309
3 7 2515 15 352 451
3 7 2516 21 293 472
3 7 2517 4 420 333
3 2 2518 1 245 288
3 6 2519 22 12 169
3 4 2520 3 284 492
4 6 1240
3 7 2521 22 150 396
3 7 2522 14 50 172
3 7 2523 13 279 149
3 5 2524 21 306 486
3 4 2525 12 117 493
3 1 2526 17 286 393
3 1 2527 16 208 339
3 6 2528 11 493 256
3 6 2529 6 454 335
3 7 2530 18 3 110
3 9 2531 24 173 432
3 2 2532 4 478 43
3 1 2533 13 163 251
3 5 2534 4 237 345
3 8 2535 5 259 85
3 9 2536 26 152 477
3 4 2537 1 364 369
4 4 1201
3 9 2538 11 27 277
4 3 934
3 1 2539 17 387 45
4 5 866
3 9 2540 25 106 192
3 4 2541 21 341 302
3 6 2542 21 408 45
3 7 2543 3 31 232
3 1 2544 4 423 370
3 7 2545 17 284 34
3 4 2546 24 200 225
3 2 2547 12 137 444
3 4 2548 24 46 381
3 5 2549 13 217 373
3 9 2550 9 131 279
3 7 2551 27 192 172
3 3 2552 11 406 462
3 8 2553 9 117 138
3 7 2554 11 171 495
3 6 2555 2 473 375
3 7 2556 22 307 120
4 9 1865
4 3 1059
3 1 2557 12 428 295
3 3 2558 29 19 36
3 9 2559 19 100 141
3 9 2560 1 342 238
3 5 2561 26 34 74
3 9 2562 9 268 134
3 6 2563 15 320 15
3 9 2564 7 408 319
3 9 2565 27 81 64
3 7 2566 13 106 356
3 3 2567 25 420 199
3 6 2568 21 349 177
3 7 2569 6 134 481
3 8 2570 26 265 32
3 9 2571 26 296 496
3 2 2572 14 362 444
3 1 2573 9 15 426
4 9 2360
3 2 2574 3 266 462
3 8 2575 7 41 336
3 5 2576 6 493 43
3 8 2577 13 166 51
3 3 2578 29 266 420
4 1 1303
3 8 2579 9 48 136
3 9 2580 7 124 303
3 7 2581 5 42 495
3 4 2582 23 161 124
3 4 2583 20 415 230
3 8 2584 8 292 111
3 2 2585 19 419 36
3 2 2586 24 190 261
3 1 2587 15 283 460
3 6 2588 4 125 134
4 2 772
3 7 2589 15 157 90
4 4 2378
3 8 2590 4 380 402
3 2 2591 5 436 49
3 9 2592 29 443 300
3 5 2593 5 400 113
3 3 2594 28 75 74
3 9 2595 6 284 398
3 8 2596 12 119 494
4 4 841
3 5 2597 3 298 279
3 2 2598 25 300 23
3 9 2599 3 174 254
3 6 2600 29 274 282
4 3 1488
3 9 2601 27 257 110
3 3 2602 12 490 200
3 7 2603 16 284 374
3 1 2604 14 257 492
3 8 2605 28 120 198
4 5 2210
3 1 2606 22 358 480
3 4 2607 29 261 280
3 6 2608 15 15 306
4 9 1606
3 5 2609 17 72 28
4 9 1694
3 1 2610 26 461 383
3 3 2611 1 136 34
4 7 865
3 6 2612 24 279 255
4 2 1891
3 4 2613 20 497 454
3 4 2614 5 488 400
4 4 904
3 4 2615 6 309 474
3 2 2616 23 493 143
4 9 660
3 6 2617 14 448 335
3 2 2618 19 124 187
3 5 2619 9 272 168
3 9 2620 7 301 351
3 5 2621 13 381 17
3 8 2622 22 428 56
3 1 2623 12 67 116
3 8 2624 20 361 491
4 8 1820
4 1 48
3 9 2625 28 67 280
3 9 2626 25 229 98
3 1 2627 9 154 458
3 5 2628 1 300 427
3 6 2629 4 132 381
3 7 2630 27 101 84
3 9 2631 27 468 379
4 3 828
4 9 1933
3 2 2632 6 320 52
3 6 2633 16 278 66
3 8 2634 11 431 118
4 8 1566
4 5 305
3 2 2635 9 419 19
3 6 2636 15 421 384
3 1 2637 22 77 261
4 3 1862
3 6 2638 9 263 101
3 3 2639 13 430 324
3 1 2640 13 346 240
3 2 2641 9 333 189
3 5 2642 15 31 378
4 2 1388
3 1 2643 25 46 295
3 4 2644 9 149 66
3 6 2645 25 36 66
4 5 1257
3 2 2646 4 199 388
3 4 2647 21 329 49
3 9 2648 7 117 447
3 8 2649 12 491 333
3 1 2650 16 410 454
3 5 2651 9 356 89
3 6 2652 18 386 320
3 6 2653 5 231 265
3 5 2654 1 414 175
3 9 2655 1 451 258
3 1 2656 27 79 422
3 6 2657 10 351 21
4 1 1517
3 1 2658 20 108 434
3 7 2659 15 429 221
3 9 2660 16 233 350
4 8 1295
3 9 2661 9 434 77
3 9 2662 22 316 108
3 7 2663 3 169 8
3 1 2664 2 323 259
3 5 2665 11 408 27
3 9 2666 13 104 228
3 6 2667 29 485 465
4 1 236
3 9 2668 24 327 195
3 5 2669 29 390 209
4 9 8
