50
4
16664 1 0
50624 0 0
89867 0 0
77937 0 0
6
89741 0 1
40196 1 1
74067 0 2
97837 0 1
97738 1 0
65855 0 2
4
78718 1 0
46784 0 1
64231 1 0
24497 1 0
7
79971 0 0
79932 1 0
17849 1 1
27221 0 0
29686 0 3
96095 1 0
32071 0 1
6
39772 0 0
75367 0 0
12909 1 0
26538 0 0
22093 0 0
47964 0 0
5
44254 0 0
51134 0 0
63971 0 0
43918 1 0
95535 0 0
4
37314 1 0
50215 0 0
55169 0 0
60607 0 0
6
91277 0 1
45965 1 1
71208 0 1
85702 0 2
42892 0 0
41536 1 2
6
42437 0 0
31660 0 0
54984 1 1
34287 0 1
90419 0 0
24760 0 0
4
81601 0 0
34972 0 1
78864 0 0
98341 0 0
5
11236 0 1
90499 0 0
59921 1 0
54517 0 0
91643 0 0
3
33507 0 1
45110 0 0
38261 0 0
7
67790 0 2
36061 0 0
83630 0 0
60865 0 0
48749 0 1
54089 0 0
23069 0 1
4
85267 0 1
14415 0 2
25740 0 0
39070 1 0
6
64781 1 0
11684 1 0
45021 0 0
49289 0 0
74272 0 0
59057 0 0
5
30212 0 1
98575 0 0
83669 0 1
23904 0 1
18415 1 2
5
65566 0 0
80566 0 1
11802 0 3
96350 0 1
82537 0 0
5
52125 0 0
24372 0 0
78777 0 1
33654 0 1
20933 0 0
4
94688 0 1
52838 1 0
90613 0 0
76449 0 1
6
59062 0 2
66981 0 0
35965 1 0
52296 0 1
99624 1 0
62171 0 0
5
92433 1 2
72655 0 0
97915 1 1
71674 1 1
28103 0 2
4
19715 0 0
81964 0 0
17047 0 1
24520 0 3
5
93384 0 2
99815 0 0
14896 0 1
99517 0 1
34095 0 1
3
93078 1 0
90523 0 3
64579 1 2
8
47925 0 2
12245 0 0
56743 0 2
19840 0 3
24717 1 0
29183 1 1
25824 0 1
44870 0 3
3
75568 0 0
29734 0 0
70819 1 0
5
51237 0 0
92073 0 1
69527 0 0
90786 0 2
80866 0 2
6
77484 0 0
49979 0 0
72352 1 1
66627 0 1
17020 0 1
14128 1 1
4
34061 0 0
88755 0 0
13318 0 0
89741 0 1
5
16243 0 1
82112 0 2
28939 0 1
89442 0 1
68041 1 0
7
68967 0 3
66474 0 1
98633 1 1
98829 0 0
13278 0 1
96582 0 0
99805 1 0
5
80600 0 1
92486 0 1
33571 0 0
72277 1 0
52678 0 0
9
24784 0 3
53124 0 0
72862 1 3
72582 0 1
49699 0 2
39932 0 1
33556 0 2
63007 1 0
70973 0 1
7
82981 0 1
10962 0 0
68737 0 2
78101 0 0
93602 0 0
15568 1 0
65263 0 2
9
38268 1 0
69290 1 1
27232 0 1
92805 1 1
82407 0 0
84838 0 0
58971 0 0
74856 0 0
53333 1 0
8
78413 0 0
67419 0 0
25025 1 0
22537 0 1
21079 0 0
45253 0 0
72655 0 0
37579 0 1
6
62363 0 1
84854 0 0
79818 0 2
27985 0 0
91888 1 0
22493 0 0
7
22493 0 0
33802 0 0
43058 1 0
85142 0 0
65975 1 0
21536 1 1
40079 0 1
9
83664 0 3
23003 0 2
17721 0 0
23955 0 0
53263 0 1
41627 0 0
25012 0 0
92841 0 0
76691 0 0
5
77982 0 0
42589 0 0
53100 1 0
34527 0 1
74229 1 0
6
50526 0 0
17644 0 1
49296 0 1
77902 0 1
98640 0 0
99731 1 3
8
57250 1 2
90343 0 0
72712 0 3
87451 0 0
59915 0 2
19788 0 0
13160 0 3
20308 0 0
7
70591 1 0
70302 1 1
95151 1 0
53324 0 0
37519 0 0
61551 0 0
57586 0 0
3
59596 0 3
16959 0 0
60265 0 3
4
32941 0 0
49942 0 0
74449 0 0
99910 0 2
6
61593 0 0
52813 0 2
43113 1 2
51990 0 1
10414 0 0
61861 1 2
6
96090 0 2
88950 0 0
71835 0 0
97473 0 1
84530 0 1
97786 0 0
9
16411 1 0
77010 0 3
49471 0 2
36235 0 2
94019 1 0
71604 0 0
33743 1 0
47499 0 0
66834 0 0
10
75640 1 0
75199 0 0
28222 0 3
22302 0 1
60305 0 2
90168 0 1
65143 0 2
26801 1 0
53431 0 3
21374 0 0
10
13157 0 0
41419 0 0
83601 0 0
73234 1 2
19133 0 1
29424 1 0
23128 1 3
51088 1 1
28407 0 0
22257 0 0
